ID,Agency,Pop12,Bdgt12,MinSalary12,MinEd12,%Male12,%Non-White12,CP12,CPChange,LTLUOFAuthorization,TotalSworn,ARDRate,ARDTotal,ARDRateChange
1,BIRMINGHAM POLICE DEPARTMENT,212038,83233076,35796,1,0.844155848,0.611570239,0.40625,-0.434782609,3,847,0.707420368,25,0.673898075
2,DECATUR POLICE DEPARTMENT,55996,11812534,30550,1,0.94615382,0.161538467,0.5,-0.5,4,130,1.339381384,8,1.905868276
3,DOTHAN POLICE DEPARTMENT,67382,17353101,33072,1,0.930379748,0.151898727,0.53125,-0.19047619,3,158,0.742037933,10,-0.703006738
4,HOOVER POLICE DEPARTMENT,83412,19779202,42203,3,0.911392391,0.107594937,1,0.523809524,2,158,0.299717067,1,0.299717067
5,HUNTSVILLE POLICE DEPARTMENT,183739,39881825,37814,1,0.941176474,0.132352948,0.375,-0.555555556,4,408,1.088500536,22,0.4301765
6,JEFFERSON COUNTY SHERIFF'S DEPARTMENT,660009,43000000,31449,1,0.839999974,0.331764698,0.5,0.777777778,4,425,0.151513085,4,0.151513085
7,MOBILE POLICE DEPARTMENT,194822,30000000,29361,1,0.894639552,0.338262469,0.625,-0.285714286,3,541,0.898255844,23,0.737801686
8,MONTGOMERY COUNTY SHERIFF'S DEPARTMENT,230149,11000000,36186,1,0.903999984,0.384000003,0.3125,0.25,4,125,0.000001,3,-0.999991121
9,MONTGOMERY POLICE DEPARTMENT,205293,45140014,35403,1,0.869318187,0.435606062,1,0.523809524,4,528,0.000001,14,-0.999997332
10,ARKANSAS STATE POLICE,2954968,138070888,36000,1,0.959064305,0.15594542,0.375,1.4,5,513,0.016920657,3,0.016920657
11,FORT SMITH POLICE DEPARTMENT,87443,16779760,35880,1,0.957317054,0.207317069,0.375,-0.142857143,4,164,0.000001,0,0.000001
12,GARLAND COUNTY SHERIFF'S DEPARTMENT,96903,6826405,27232,1,0.829787254,0.063829787,0.25,1,3,47,0.257989949,1,0.257989949
13,JONESBORO POLICE DEPARTMENT,70187,9693714,31124,1,0.948717952,0.044871796,0.75,0,3,156,1.068573952,3,1.068573952
14,LITTLE ROCK POLICE DEPARTMENT,196537,50331498,39140,1,0.82397002,0.314606756,0.15625,-0.8,0,534,0.89041758,9,0.89041758
15,PINE BLUFF POLICE DEPARTMENT,47035,8861971,29370,1,0.809210539,0.539473712,0.5,-0.058823529,4,152,0.000001,0,0.000001
16,PULASKI COUNTY SHERIFF'S DEPARTMENT,388953,34000000,29952,1,0.682926834,0.131578952,0.625,1.5,3,123,0.000001,0,0.000001
17,ARIZONA DEPARTMENT OF PUBLIC SAFETY,6556502,228239400,44725,1,0.953703701,0.19629629,0,-1,4,1080,0.011439026,12,-0.680804776
18,CHANDLER POLICE DEPARTMENT,245628,64129770,51875,1,0.902515709,0.141509429,0.90625,0.208333333,4,318,0.203559855,7,-0.569880063
19,GILBERT POLICE DEPARTMENT,221140,36254671,52249,1,0.909909904,0.139639646,0.5,-0.428571429,4,222,0.339151669,4,0.339151669
20,GLENDALE POLICE DEPARTMENT,232143,75355455,49992,1,0.876923084,0.200000003,0.53125,-0.413793103,4,390,0.646153449,11,5.017963066
21,MESA POLICE DEPARTMENT,452084,155000000,54122,1,0.88874346,0.200261787,0.65625,-0.16,5,764,0.552994576,40,-0.130539699
22,PEORIA POLICE DEPARTMENT,159789,37585854,52237,1,0.887096763,0.155913979,1,0.28,4,186,0.000001,3,-0.999994897
23,PHOENIX POLICE DEPARTMENT,1488750,565000000,46238,1,0.867886186,0.234417349,0.75,-0.225806452,5,2952,0.856423174,126,0.321190708
24,PIMA COUNTY SHERIFF'S DEPARTMENT,992394,132213485,42099,1,0.883268476,0.315175086,0.625,-0.230769231,3,514,0.201532859,22,0.799281334
25,PINAL COUNTY SHERIFF'S DEPARTMENT,387365,54143976,45052,1,0.929906547,0.289719611,0.84375,0.173913043,5,214,0.387231681,7,0.387231681
26,SCOTTSDALE POLICE DEPARTMENT,223514,65646399,49878,1,0.893462479,0.176755443,0.78125,-0.137931034,5,413,0.671098902,16,-0.02471881
27,SEDONA POLICE DEPARTMENT,10037,2350243,39674,1,0.875,0.208333328,0.65625,-0.16,3,24,0.000001,0,0.000001
28,TUCSON POLICE DEPARTMENT,524295,156367016,45968,1,0.853838086,0.313354373,0.75,5,4,951,1.001344663,57,0.564125012
29,ALAMEDA COUNTY SHERIFF'S DEPARTMENT,1554720,307208469,65894,1,0.885082901,0.361325979,0.90625,0.380952381,5,905,0.112560461,16,0.315633683
30,ALAMEDA POLICE DEPARTMENT,75641,25318554,80558,1,0.897435904,0.333333343,0.84375,0.08,3,78,0.330508587,1,0.330508587
31,ANAHEIM POLICE DEPARTMENT,343248,114943826,61173,1,0.912121236,0.354545444,0.90625,0,5,330,0.874003636,28,0.291043211
32,BAKERSFIELD POLICE DEPARTMENT,358597,69631317,53433,1,0.942073166,0.25,0.15625,-0.6875,4,328,0.836593725,26,0.133730901
33,BERKELEY POLICE DEPARTMENT,115403,58279325,92832,4,0.804733753,0.437869817,0.5,-0.428571429,3,169,0.4332643,5,-0.115716229
34,BEVERLY HILLS POLICE DEPARTMENT,34622,53037000,76764,2,0.913793087,0.293103456,0.5,7,5,116,0.000001,0,0.000001
35,BREA POLICE DEPARTMENT,40330,25100000,85720,1,0.918032765,0.27868852,0.84375,0.08,5,61,0.000001,3,-0.999999242
36,BUENA PARK POLICE DEPARTMENT,82155,23393910,81064,1,0.928571403,0.285714298,0.46875,-0.53125,5,84,0.000001,2,-0.999998421
37,BURBANK POLICE DEPARTMENT,104391,48738860,62772,1,0.907894731,0.289473683,0.875,0.166666667,4,152,0.000001,4,-0.999998622
38,BUTTE COUNTY SHERIFF'S DEPARTMENT,221539,39028163,43720,4,0.971698105,0.018867925,0.25,-0.529411765,5,106,0.338540844,9,0.428710069
39,CALIFORNIA HIGHWAY PATROL,37955293,1902730000,67764,1,0.923970163,0.310063601,0.25,-0.724137931,5,7234,0.011197384,89,-0.654492996
40,CHULA VISTA POLICE DEPARTMENT,252422,43963270,67250,1,0.888888896,0.400966197,0.90625,0.035714286,5,207,0.198080991,6,-0.211399957
41,CONCORD POLICE DEPARTMENT,124711,41455037,70416,4,0.870748281,0.244897962,0.59375,-0.208333333,5,147,0.601390415,6,0.503199397
42,CORONA POLICE DEPARTMENT,158391,41399330,56695,1,0.891156435,0.360544205,0.84375,0.08,5,147,0.157837251,8,-0.820123618
43,COSTA MESA POLICE DEPARTMENT,111918,39085419,71028,1,0.877049208,0.254098356,0.5,-0.058823529,5,122,0.22337783,3,-0.021042192
44,CULVER CITY POLICE DEPARTMENT,39313,30000000,54600,1,0.917525768,0.484536082,0.5625,1.25,4,97,0.63592196,3,0.63592196
45,DALY CITY POLICE DEPARTMENT,103690,25648000,76960,1,0.899082541,0.366972476,0.5,-0.2,5,109,0.241103289,1,0.241103289
46,DOWNEY POLICE DEPARTMENT,112873,30129178,75000,1,0.862745106,0.490196079,0.40625,-0.071428571,4,102,0.000001,5,-0.999997793
47,EL CAJON POLICE DEPARTMENT,101435,26000000,56867,1,0.928571403,0.133928567,0.875,0.166666667,5,112,0.246463252,5,-0.530936067
48,EL DORADO COUNTY SHERIFF'S DEPARTMENT,180561,54415534,58510,1,0.954545438,0.064935066,0.25,-0.5,5,154,0.000001,4,-0.999993247
49,EL MONTE POLICE DEPARTMENT,115111,21000000,62640,1,0.940170944,0.56410259,0.5,-0.5,5,117,0.434363354,5,1.115175787
50,ESCONDIDO POLICE DEPARTMENT,147575,33221490,54570,1,0.89864862,0.222972974,0,-1,5,148,0.169405387,13,-0.815560901
51,FAIRFIELD POLICE DEPARTMENT,107684,29297744,119891,1,0.810344815,0.258620679,0.53125,0.214285714,3,116,0.6964823,5,1.862876565
52,FONTANA POLICE DEPARTMENT,201812,40000000,58801,1,0.909604549,0.25988701,0.78125,0,5,177,0.619388342,15,-0.529565264
53,FREMONT POLICE DEPARTMENT,221986,47329306,77609,1,0.883040965,0.280701756,0.5,-0.333333333,5,171,0.675718289,11,0.38201283
54,FRESNO COUNTY SHERIFF'S DEPARTMENT,947895,164422408,39572,4,0.830832183,0.512960434,0.40625,-0.458333333,4,733,0.131871146,11,-0.102933342
55,FRESNO POLICE DEPARTMENT,505882,145552400,51660,1,0.884615362,0.451923072,0,-1,0,728,0.790698226,51,-0.428856532
56,FULLERTON POLICE DEPARTMENT,138574,37300000,64499,1,0.888888896,0.333333343,0.84375,0,4,135,0.360818047,7,0.360818047
57,GARDEN GROVE POLICE DEPARTMENT,174389,45180306,68376,1,0.967320263,0.346405238,0.625,0,5,153,0.143357666,7,-0.521102248
58,GLENDALE POLICE DEPARTMENT,194478,68000000,75396,1,0.893617034,0.404255331,0.875,0.12,4,235,0.128549245,2,0.128549245
59,HAYWARD POLICE DEPARTMENT,149392,55468090,91520,1,0.8820225,0.398876399,0.75,0.2,4,178,1.00406983,11,0.892149513
60,HEMET POLICE DEPARTMENT,81046,19217206,57732,1,0.965517223,0.275862068,0.5,0.777777778,5,58,0.616933593,2,0.616933593
61,HUNTINGTON BEACH POLICE DEPARTMENT,194708,45263490,70476,1,0.948979616,0.454081625,0.25,-0.714285714,5,196,0.385192185,11,-0.002362512
62,INGLEWOOD POLICE DEPARTMENT,111182,47061600,56856,1,0.879310369,0.614942551,0.375,-0.076923077,5,174,0.449713083,13,0.036210897
63,IRVINE POLICE DEPARTMENT,229985,56988995,64043,2,0.808080792,0.272727281,0.75,0.090909091,5,198,0.000001,1,-0.999993178
64,KERN COUNTY SHERIFF'S DEPARTMENT,856158,198766720,44338,1,0.926391363,0.333931774,0.78125,-0.137931034,4,557,0.408803048,28,0.457560696
65,LA MESA POLICE DEPARTMENT,58160,12700000,59342,1,0.910447776,0.164179102,0.5,-0.272727273,4,67,0.000001,1,0.000001
66,LONG BEACH POLICE DEPARTMENT,467892,199933700,95000,1,0.904040396,0.464646459,0.625,0.666666667,4,792,0.801467005,39,0.172509238
67,LOS ANGELES COUNTY SHERIFF'S DEPARTMENT,9962789,2806127000,54784,1,0.825922728,0.559680581,0.53125,-0.451612903,4,9266,0.155578925,123,2.839495723
68,LOS ANGELES POLICE DEPARTMENT,3857799,1256645232,47782,1,0.808568537,0.646774173,0.84375,-0.035714286,5,9920,0.596194877,236,1.070395651
69,MODESTO POLICE DEPARTMENT,203547,48688327,61712,4,0.94470048,0.253456235,0.625,-0.230769231,5,217,0.736930537,19,-0.322443138
70,OAKLAND POLICE DEPARTMENT,400740,200000000,58370,1,0.891233742,0.586038947,0.875,0.4,5,616,0.499076708,57,-0.531638234
71,OCEANSIDE POLICE DEPARTMENT,171293,51359864,60840,1,0.906403959,0.256157637,0.65625,-0.16,4,203,0.145948754,9,-0.804916722
72,ONTARIO POLICE DEPARTMENT,167211,65843095,58800,1,0.964444458,0.360000014,0.75,0.142857143,4,225,0.747558474,14,-0.165714776
73,PASADENA POLICE DEPARTMENT,138547,64000000,66297,1,0.845132768,0.610619485,0.71875,0,5,226,0.180444181,7,-0.490735996
74,POMONA POLICE DEPARTMENT,150812,39803211,64608,1,0.927152336,0.483443707,0.625,1,5,151,0.165769302,4,0.022113625
75,REDDING POLICE DEPARTMENT,90755,25915350,57928,4,0.928571403,0.025210084,0.5,-0.448275862,5,98,1.377334582,15,-0.310710941
76,RIALTO POLICE DEPARTMENT,101740,24097786,57525,1,0.885416687,0.4375,0.65625,0.75,4,96,0.491448791,9,-0.357243955
77,RICHMOND POLICE DEPARTMENT,106516,15582013,91128,1,0.870270252,0.513513505,1,0.103448276,4,185,0.234706523,4,-0.519663712
78,RIVERSIDE POLICE DEPARTMENT,313673,91268017,62904,1,0.893442631,0.303278685,0.875,0.166666667,5,366,0.876709184,29,0.234029547
79,SACRAMENTO POLICE DEPARTMENT,475516,124556913,59400,2,0.817460299,0.247619048,0.625,-0.047619048,4,630,0.368021265,20,-0.063469999
80,SAN BERNARDINO POLICE DEPARTMENT,213295,55567000,61428,1,0.911196887,0.389961392,0.375,-0.428571429,4,259,0.937668487,30,-0.267279589
81,SAN DIEGO COUNTY SHERIFF'S DEPARTMENT,3177063,635192554,52244,1,0.838401377,0.395308435,0.625,-0.310344828,5,2302,0.047213417,22,-0.384990477
82,SAN DIEGO POLICE DEPARTMENT,1338348,415271291,56167,1,0.85035497,0.343528122,0.875,0.12,5,1831,0.37359491,60,0.262006593
83,SAN FRANCISCO POLICE DEPARTMENT,825863,492000000,88842,1,0.84430027,0.476830393,0.875,0.75,3,2158,0.484341834,50,-0.143362263
84,SAN JOSE POLICE DEPARTMENT,982765,294752941,72571,4,0.90157479,0.451771647,0.5,-0.2,4,1016,0.254384314,31,-0.238247021
85,SANTA ANA POLICE DEPARTMENT,330920,101365485,71904,1,0.907692313,0.538461566,0.84375,-0.068965517,3,325,0.60437568,26,-0.171981143
86,SANTA BARBARA POLICE DEPARTMENT,89639,35000000,74147,1,0.885714293,0.214285716,0.75,-0.25,4,140,0.278896462,3,-0.015484332
87,SANTA CLARA POLICE DEPARTMENT,119311,44361846,101604,2,0.905109465,0.277372271,0.375,0.333333333,4,137,0.628609265,5,0.283557258
88,SANTA MARIA POLICE DEPARTMENT,101459,22414705,62950,1,0.934065938,0.450549453,0.625,-0.35483871,5,91,0.739214855,3,0.739214855
89,SANTA MONICA POLICE DEPARTMENT,91812,73484000,74832,1,0.897560954,0.497560978,1,1.133333333,5,205,0.27229556,4,0.27229556
90,SANTA ROSA POLICE DEPARTMENT,170685,42300000,72324,1,0.9375,0.148571432,0.75,0.2,4,160,0.292937282,6,-0.101350441
91,SHASTA COUNTY SHERIFF'S DEPARTMENT,178586,40000000,47208,1,0.904109597,0.027777778,0.4375,-0.125,5,73,0.139988577,1,0.139988577
92,SIMI VALLEY POLICE DEPARTMENT,125793,28235400,58490,1,0.934426248,0.122950822,0.25,-0.578947368,5,122,0.198739199,5,-0.689662117
93,STOCKTON POLICE DEPARTMENT,297984,90340310,59645,1,0.884146333,0.329268306,1,0.142857143,5,328,0.671176976,20,0.214678193
94,SUNNYVALE DEPARTMENT OF PUBLIC SAFETY,146197,33000000,92272,2,0.924623132,0.306532651,0.71875,-0.206896552,3,199,0.000001,1,0.000001
95,TORRANCE POLICE DEPARTMENT,147027,66984670,99490,1,0.927927911,0.346846849,0.40625,-0.458333333,5,222,0.170036796,5,0.170036796
96,TULARE COUNTY SHERIFF'S DEPARTMENT,451977,79410154,49008,1,0.853754938,0.474308312,0.78125,1.083333333,4,506,0.165937647,11,-0.629446062
97,VENTURA COUNTY SHERIFF'S DEPARTMENT,835981,230627923,54601,1,0.887533903,0.322493225,0.78125,0,5,738,0.149524929,13,-0.211375617
98,VENTURA POLICE DEPARTMENT,107734,28500000,67468,1,0.944000006,0.247999996,0.78125,-0.107142857,3,125,0.232053019,4,-0.033953998
99,WESTMINSTER POLICE DEPARTMENT,91377,24500000,61608,1,0.931034505,0.229885057,0.75,0,5,87,0.000001,6,-0.999999284
100,WHITTIER POLICE DEPARTMENT,86177,30882664,58945,1,0.901639342,0.44262296,0.65625,0.615384615,4,122,0.000001,1,0.000001
101,ADAMS COUNTY SHERIFF'S DEPARTMENT,459598,58038010,48638,1,0.862857163,0.208571434,0.65625,4.25,5,350,0.054395363,1,0.054395363
102,ARAPAHOE COUNTY SHERIFF'S DEPARTMENT,595546,72239303,47052,1,0.831485569,0.126385808,1,0,4,451,0.041978285,2,0.041978285
103,AURORA POLICE DEPARTMENT,339030,92458923,47101,1,0.89852941,0.151470587,0.75,0.5,5,680,0.663658083,22,0.101361447
104,BOULDER COUNTY SHERIFF'S DEPARTMENT,305318,25531278,50892,1,0.780821919,0.12328767,0.8125,0.04,2,219,0.163763682,3,0.822565325
105,BOULDER POLICE DEPARTMENT,101808,29593231,50176,2,0.78612715,0.485549122,0.875,-0.125,4,173,0.491120541,2,0.491120541
106,BROOMFIELD POLICE DEPARTMENT,58298,21837207,51002,2,0.861111104,0.097222224,0.65625,0.05,5,144,0.857662355,5,-0.276664723
107,COLORADO SPRINGS POLICE DEPARTMENT,431834,92822328,46235,2,0.875806451,0.179032251,0.71875,-0.178571429,4,620,0.173677848,12,-0.714050615
108,COLORADO STATE PATROL,5174898,132039846,50004,1,0.935843766,0.102167182,0,-1,0,,0.004831013,4,-0.706874222
109,DENVER POLICE DEPARTMENT,634265,196962557,51610,1,0.885755599,0.32899493,0.65625,0.166666667,3,1383,0.591235525,44,-0.306103584
110,EL PASO COUNTY SHERIFF'S DEPARTMENT,644964,64025373,41664,1,0.803874075,0.179176763,0.75,-0.142857143,3,413,0.038761853,3,0.038761853
111,GRAND JUNCTION POLICE DEPARTMENT,59899,12667150,54180,1,0.894230783,0.101851851,0.75,-0.142857143,4,104,0.834738476,4,0.481894522
112,GREELEY POLICE DEPARTMENT,95357,29059962,53402,1,0.908450723,0.098591551,0.625,-0.35483871,4,142,1.04869071,7,0.749509737
113,LAKEWOOD POLICE DEPARTMENT,145516,40734913,52125,3,0.812977076,0.118320614,0.65625,-0.275862069,4,262,0.343604827,3,0.958190165
114,LONGMONT POLICE DEPARTMENT,88669,22285910,52680,2,0.875912428,0.05839416,0.875,-0.096774194,4,137,0.000001,0,0.000001
115,PUEBLO POLICE DEPARTMENT,107772,26787316,38000,2,0.864864886,0.291891903,0.875,0.12,4,185,1.391827191,13,0.442601047
116,BRIDGEPORT POLICE DEPARTMENT,146425,43050154,47164,1,0.904428899,0.424242437,0.5,-0.2,2,429,0.341471743,7,-0.046173809
117,BRISTOL POLICE DEPARTMENT,60603,13932000,54241,1,0.946902633,0.044247787,0.375,-0.076923077,4,113,0.000001,0,0.000001
118,CONNECTICUT STATE POLICE,3588799,140000000,48000,1,0.949999988,0.115000002,0.75,0.142857143,3,1000,0.034830594,8,1.4265583
119,DANBURY POLICE DEPARTMENT,82807,15415789,50176,1,0.910958886,0.116438359,0.625,0.666666667,3,146,0.000001,0,0.000001
120,FAIRFIELD POLICE DEPARTMENT,60450,14713843,55000,1,0.934579432,0.046728972,0.5,1,2,107,0.000001,0,0.000001
121,GREENWICH POLICE DEPARTMENT,62256,18843000,58481,2,0.910344839,0.117241383,0.65625,5.25,2,145,0.000001,0,0.000001
122,HAMDEN POLICE DEPARTMENT,60863,11985445,56299,1,0.952830195,0.103773586,0.375,-0.571428571,3,106,0.000001,1,0.000001
123,HARTFORD POLICE DEPARTMENT,124893,36793817,46104,1,0.89316237,0.352564096,0.75,-0.142857143,4,468,0.800685387,8,-0.004051468
124,MANCHESTER POLICE DEPARTMENT,58289,17976412,50239,2,0.890756309,0.092436977,0.375,-0.428571429,3,119,0.000001,1,0.000001
125,MERIDEN POLICE DEPARTMENT,60638,13000000,47174,1,0.916666687,0.13333334,0.75,-0.172413793,4,120,1.236848181,4,1.236848181
126,MILFORD POLICE DEPARTMENT,52981,9300000,53924,1,0.918181837,0.054545455,0.96875,1.818181818,3,110,0.000001,3,0.000001
127,NEW BRITAIN POLICE DEPARTMENT,73153,15000000,66367,1,0.920634925,0.142857149,0.5,-0.36,3,126,0.341749484,6,-0.673870746
128,NORWALK POLICE DEPARTMENT,87190,18951761,59035,1,0.925714314,0.262857139,0.53125,0.888888889,3,175,0.000001,0,0.000001
129,STAMFORD POLICE DEPARTMENT,125109,53389471,55625,1,0.924000025,0.131999999,0.78125,0.19047619,4,250,0.000001,1,0.000001
130,STRATFORD POLICE DEPARTMENT,52077,9900000,51807,1,0.898989916,0.24242425,0.25,-0.529411765,4,99,0.000001,1,-0.999997993
131,WATERBURY POLICE DEPARTMENT,109915,28000000,56000,1,0.91366905,0.197841734,0.375,-0.25,4,278,0.000001,3,-0.999995675
132,DELAWARE STATE POLICE,914251,125341600,53049,1,0.889728069,0.14350453,0.5625,1,3,662,0.136723941,10,0.136723941
133,WILMINGTON POLICE DEPARTMENT,71292,51564000,44574,1,0.894736826,0.305921048,0.625,-0.285714286,5,304,1.052011446,9,0.515969534
134,ALTAMONTE SPRINGS POLICE DEPARTMENT,41920,10273149,38000,1,0.858585835,0.202020198,0.375,0.5,2,99,0.596374046,2,0.596374046
135,BAY COUNTY SHERIFF'S DEPARTMENT,171903,36210747,32000,4,0.807121634,0.160237387,0.15625,-0.722222222,4,337,0.145430853,4,-0.097205982
136,BOCA RATON POLICE DEPARTMENT,87836,39161400,52900,2,0.813131332,0.13131313,0.78125,-0.21875,3,198,0.56924268,4,0.56924268
137,BOYNTON BEACH POLICE DEPARTMENT,70101,24648013,48241,1,0.850931704,0.236024842,0.625,0.25,4,161,0.713256587,2,0.713256587
138,CAPE CORAL POLICE DEPARTMENT,161248,33737129,40539,2,0.883720934,0.093023255,0.5,-0.2,5,215,0.310081365,3,0.310081365
139,CHARLOTTE COUNTY SHERIFF'S DEPARTMENT,162449,54504279,39520,1,0.837370217,0.131487891,0.625,0.666666667,3,289,0.000001,1,0.000001
140,CITRUS COUNTY SHERIFF'S DEPARTMENT,139360,24332321,30722,1,0.902438998,0.063414633,0.78125,-0.137931034,4,205,0.89695752,9,1.268549082
141,CLAY COUNTY SHERIFF'S DEPARTMENT,194345,37611529,34650,1,0.87843138,0.125490203,0.65625,-0.045454545,4,255,0.257274435,6,0.62084952
142,CLEARWATER POLICE DEPARTMENT,108732,35700770,44471,2,0.883116901,0.186147183,0.625,0.666666667,4,231,0.689769341,9,0.493654122
143,COLLIER COUNTY SHERIFF'S DEPARTMENT,332427,131973300,44645,1,0.903908789,0.436482072,0.5,-0.238095238,5,614,0.075204481,8,-0.137753552
144,CORAL GABLES POLICE DEPARTMENT,49411,36996406,42051,2,0.908571422,0.514285743,0.875,2.5,4,175,0.505960211,2,0.505960211
145,CORAL SPRINGS POLICE DEPARTMENT,125287,43833358,53866,3,0.827586234,0.177339897,1,0.333333333,3,203,0.000001,0,0.000001
146,DAVIE POLICE DEPARTMENT,95489,36000000,51687,2,0.865853667,0.256097555,0.875,1.153846154,3,164,0.000001,3,0.000001
147,FLORIDA HIGHWAY PATROL,19231184,237824679,31879,1,0.884204626,0.356942087,0,-1,3,1779,0.005199888,8,2.539889796
148,FORT LAUDERDALE POLICE DEPARTMENT,170747,91459637,52166,1,0.842424214,0.296969712,0.65625,-0.322580645,4,495,0.292830914,17,-0.363904881
149,FORT MYERS POLICE DEPARTMENT,65725,31237460,39541,1,0.793103456,0.287356317,1,0.6,4,174,0.000001,6,-0.999998979
150,FORT PIERCE POLICE DEPARTMENT,42645,12193521,36000,1,0.862385333,0.357798159,0.90625,4.8,4,109,0.586235198,3,0.586235198
151,GAINESVILLE POLICE DEPARTMENT,126047,57949500,41939,2,0.812286675,0.245733783,0.75,-0.142857143,5,293,0.39667743,3,0.39667743
152,HERNANDO COUNTY SHERIFF'S DEPARTMENT,173422,40000000,39401,1,0.862745106,0.111111112,0.375,-0.294117647,3,306,0.432471082,9,0.240750885
153,HIGHLANDS COUNTY SHERIFF'S DEPARTMENT,98128,22681611,31796,1,0.876712322,0.150684938,0.375,0.5,2,146,0.254769281,1,0.254769281
154,HOLLYWOOD POLICE DEPARTMENT,145236,63000000,42417,1,0.844594598,0.368243247,0.625,-0.285714286,3,296,0.516400892,7,0.481120383
155,HOMESTEAD POLICE DEPARTMENT,63190,21315131,48574,1,0.872548997,0.568627477,0.1875,-0.714285714,4,102,0.791264441,4,0.081880044
156,JACKSONVILLE SHERIFF'S DEPARTMENT,836507,366768040,38148,3,0.864150941,0.239622638,0.53125,-0.392857143,4,1590,0.478178903,79,-0.013318
157,KISSIMMEE POLICE DEPARTMENT,63369,17972228,37169,1,0.8125,0.390625,0.75,1,4,128,0.000001,1,0.000001
158,LAKE COUNTY SHERIFF'S DEPARTMENT,303186,53910837,35485,1,0.805157602,0.146131799,0.25,-0.666666667,3,349,0.329830533,6,0.329830533
159,LAKELAND POLICE DEPARTMENT,99999,36301786,42239,4,0.845070422,0.244131461,0.75,-0.04,3,213,1.2500125,8,3.39304393
160,LARGO POLICE DEPARTMENT,77878,20301000,41700,2,0.817518234,0.102189779,0.75,0.5,4,137,0.000001,3,-0.999997153
161,LEE COUNTY SHERIFF'S DEPARTMENT,645293,137697982,35294,1,0.814305365,0.165061891,0.25,-0.555555556,5,727,0.232452545,15,1.288309342
162,LEON COUNTY SHERIFF'S DEPARTMENT,283769,31451893,41759,2,0.870967746,0.218637988,0.125,-0.636363636,2,279,0.000001,0,0.000001
163,LYNN HAVEN POLICE DEPARTMENT,18974,2900000,35097,1,0.896551728,0.068965517,0.375,0.333333333,2,29,0.000001,0,0.000001
164,MARGATE POLICE DEPARTMENT,55026,12882827,49216,1,0.847619057,0.180952385,0.625,-0.2,4,105,0.000001,0,0.000001
165,MARION COUNTY SHERIFF'S DEPARTMENT,335125,67053024,28520,1,0.769953072,0.17840375,0.625,-0.2,4,426,0.07459903,6,0.07459903
166,MARTIN COUNTY SHERIFF'S DEPARTMENT,148817,62036640,41120,1,0.841823041,0.107238606,0.4375,-0.333333333,1,373,0.16799156,6,-0.546012888
167,MELBOURNE POLICE DEPARTMENT,77048,22957736,37339,1,0.875739634,0.147928998,0.75,-0.2,5,169,0.648946112,9,-0.354990828
168,MIAMI BEACH POLICE DEPARTMENT,90588,91992541,53092,1,0.880319178,0.739361703,0.875,0.4,5,376,0.551949486,7,0.971828498
169,MIAMI POLICE DEPARTMENT,413892,156963000,44942,1,0.802898526,0.894685984,0.75,-0.142857143,4,1035,0.362413383,9,1.73125598
170,MIRAMAR POLICE DEPARTMENT,128729,36777300,49276,1,0.791666687,0.520833313,1,0.103448276,4,192,0.388412867,5,0.501541999
171,MONROE COUNTY SHERIFF'S DEPARTMENT,74809,44398488,42286,1,0.827225149,0.230366498,0.8125,-0.161290323,5,191,0.668368779,2,0.668368779
172,NAPLES POLICE DEPARTMENT,20115,10793759,50583,1,0.914285719,0.142857149,0.875,0.75,3,70,1.242853592,1,1.242853592
173,NORTH MIAMI BEACH POLICE DEPARTMENT,42971,18246180,46576,2,0.854166687,0.625,0.90625,0.035714286,4,96,0.000001,1,0.000001
174,NORTH MIAMI POLICE DEPARTMENT,60565,24169330,46072,1,0.814159274,0.752212405,0.5,-0.5,4,113,0.000001,0,0.000001
175,OCALA POLICE DEPARTMENT,56945,21571640,36000,1,0.83116883,0.181818187,0.875,0.037037037,4,154,0.878040214,2,0.878040214
176,OKALOOSA COUNTY SHERIFF'S DEPARTMENT,190083,28098890,34490,1,0.880658448,0.119341567,0.25,-0.529411765,4,243,0.131521493,4,-0.063019839
177,ORANGE COUNTY SHERIFF'S DEPARTMENT,1202234,180381258,38002,1,0.844011128,0.318941504,0.25,-0.6,4,1436,0.124767724,42,-0.716743506
178,ORLANDO POLICE DEPARTMENT,249562,129602286,43237,1,0.835635364,0.364640892,0.875,0.75,5,724,1.101930582,23,3.393088691
179,OSCEOLA COUNTY SHERIFF'S DEPARTMENT,287416,53333254,37745,1,0.90206188,0.237113401,0.625,-0.285714286,4,388,0.000001,3,-0.999997255
180,PALM BAY POLICE DEPARTMENT,104124,20000000,35811,1,0.810810804,0.216216221,0.75,0.2,3,148,0.240098344,2,0.240098344
181,PEMBROKE PINES POLICE DEPARTMENT,160306,51270714,48755,1,0.85281384,0.277056277,0.40625,-0.380952381,3,231,0.155951742,8,-0.070982995
182,PENSACOLA POLICE DEPARTMENT,52340,18240000,32968,1,0.842465758,0.171232879,0.4375,0.166666667,4,146,0.955292319,3,0.955292319
183,PLANTATION POLICE DEPARTMENT,88016,35360806,54968,3,0.874251485,0.137724549,0.375,-0.586206897,4,167,0.284039266,2,0.284039266
184,POLK COUNTY SHERIFF'S DEPARTMENT,616158,128234266,33316,1,0.829921246,0.116535433,1,0.777777778,4,635,0.081148017,13,-0.668618763
185,RIVIERA BEACH POLICE DEPARTMENT,33129,13884829,38459,1,0.866666675,0.685714304,0.5,3,4,105,0.754625857,3,-0.042138308
186,SARASOTA COUNTY SHERIFF'S DEPARTMENT,386147,86554672,40000,1,0.874673605,0.054830287,0.5,-0.5,5,383,0.064742184,4,0.064742184
187,SEMINOLE COUNTY SHERIFF'S DEPARTMENT,430838,97184163,36089,1,0.810126603,0.210970461,0.90625,-0.064516129,4,474,0.058026451,5,-0.103203524
188,SUNRISE POLICE DEPARTMENT,88843,41608572,57963,1,0.890804589,0.270114928,0.53125,-0.392857143,4,174,0.28139527,4,-0.498351024
189,TALLAHASSEE POLICE DEPARTMENT,186971,49622958,42765,2,0.803370774,0.21348314,0.875,0.12,4,356,0.668552877,10,3.116627712
190,TAMPA POLICE DEPARTMENT,347645,142000000,46384,2,0.839622617,0.307127893,0.375,-0.571428571,3,954,0.359562197,19,-0.238574312
191,WEST PALM BEACH POLICE DEPARTMENT,101903,51364849,45324,4,0.894117653,0.325490206,0.375,-0.571428571,3,255,0.981325378,11,0.74542457
192,ALBANY POLICE DEPARTMENT,77431,16771801,33172,1,0.824999988,0.754999995,0.53125,-0.15,3,200,0.000001,1,0.000001
193,ATHENS-CLARKE COUNTY POLICE DEPARTMENT,119133,21700000,33248,1,0.886554599,0.189075634,1,0.103448276,3,238,0.000001,1,0.000001
194,ATLANTA POLICE DEPARTMENT,443775,168651480,39327,1,0.823711336,0.628350496,0.875,1.333333333,5,1940,0.676018252,25,2.812914202
195,BARTOW COUNTY SHERIFF'S DEPARTMENT,100661,19200000,24835,1,0.918181837,0.059090909,0.65625,4.25,4,220,0.248358351,2,0.248358351
196,BIBB COUNTY SHERIFF'S DEPARTMENT,156462,29673539,30000,1,0.808290184,0.450777203,0.125,-0.6,3,193,0.000001,1,0.000001
197,CARROLLTON POLICE DEPARTMENT,24958,5986182,30283,1,0.857142866,0.063492067,0.3125,-0.583333333,3,63,1.001682827,1,1.001682827
198,CLAYTON COUNTY POLICE DEPARTMENT,217415,33553781,37354,1,0.856749296,0.476584017,0.875,4.6,4,363,0.344962399,3,0.344962399
199,COBB COUNTY POLICE DEPARTMENT,523193,55420523,38355,1,0.933566451,0.134615391,0.375,0.333333333,4,572,0.095567028,5,1.488668618
200,DOUGHERTY COUNTY SHERIFF'S DEPARTMENT,94501,16400000,26413,1,0.627272725,0.690909088,0,0,2,110,0.000001,0,0.000001
201,EAST POINT POLICE DEPARTMENT,35584,14281290,34500,1,0.777777791,0.658119678,0.25,-0.529411765,2,117,0.70256295,2,0.70256295
202,FULTON COUNTY POLICE DEPARTMENT,65727,19000000,37864,2,0.664122164,0.572519064,0.59375,-0.24,4,131,0.380361191,3,0.380361191
203,GWINNETT COUNTY POLICE DEPARTMENT,716824,104635459,35023,1,0.920168042,0.170868352,0.65625,0.615384615,4,714,0.279008515,13,0.279008515
204,HALL COUNTY SHERIFF'S DEPARTMENT,185416,29824123,31928,1,0.85958904,0.1130137,0.4375,-0.5,3,292,0.000001,2,0.000001
205,HOUSTON COUNTY SHERIFF'S DEPARTMENT,146136,24000000,32385,1,0.908256888,0.192660555,0,0,4,109,0.000001,1,0.000001
206,MACON POLICE DEPARTMENT,91234,23091950,30264,1,0.92281878,0.392617464,0.25,-0.703703704,4,298,0.27402065,1,0.27402065
207,MARIETTA POLICE DEPARTMENT,58359,13000000,36483,1,0.893129766,0.122137405,0.875,-0.034482759,3,131,0.000001,2,-0.999997549
208,ROCKDALE COUNTY SHERIFF'S DEPARTMENT,85820,18000000,32073,1,0.776595771,0.223404258,0.53125,0.416666667,2,188,0.291307388,1,0.291307388
209,ROSWELL POLICE DEPARTMENT,93692,18170498,36757,1,0.850746274,0.119402982,0.75,0.043478261,4,134,0.266831747,2,0.266831747
210,VALDOSTA POLICE DEPARTMENT,57597,12540940,31779,1,0.837037027,0.251851857,0,-1,4,135,0.000001,0,0.000001
211,WARNER ROBINS POLICE DEPARTMENT,70349,8998233,30451,1,0.922330081,0.058252428,0.375,-0.25,3,103,0.355371078,2,0.355371078
212,CEDAR RAPIDS POLICE DEPARTMENT,128119,32000000,48297,1,0.846534669,0.03960396,0.5,0,3,202,0.390262178,3,0.390262178
213,COUNCIL BLUFFS POLICE DEPARTMENT,62115,15823934,44810,1,0.938053071,0.053097345,0.5625,1,3,113,0.000001,0,0.000001
214,DAVENPORT POLICE DEPARTMENT,101363,24800000,49796,1,0.932515323,0.08588957,0.625,4,5,163,0.24663832,2,0.24663832
215,DES MOINES POLICE DEPARTMENT,206688,55095869,56732,1,0.855555534,0.11388889,1,0.103448276,3,360,0.604776281,5,0.604776281
216,IOWA CITY POLICE DEPARTMENT,70133,11181073,42390,1,0.920000017,0.079999998,0.53125,0.307692308,3,75,0.356465573,1,0.356465573
217,OELWEIN POLICE DEPARTMENT,6363,320000,41000,1,1,0,0.5,0.777777778,3,14,0.000001,0,0.000001
218,POLK COUNTY SHERIFF'S DEPARTMENT,443710,49049320,43386,1,0.859375,0.046875,0.25,-0.619047619,3,128,0.056343107,2,-0.124189223
219,SIOUX CITY POLICE DEPARTMENT,82719,18724697,43942,4,0.895161271,0.056451611,0.875,0,4,124,0.302228025,1,0.302228025
220,WATERLOO POLICE DEPARTMENT,68297,14040747,45552,1,0.864000022,0.048,0.375,0,2,125,0.000001,0,0.000001
221,ADA COUNTY SHERIFF'S DEPARTMENT,409061,57526582,38800,1,0.926174521,0.087248325,0.625,-0.375,3,149,0.061115579,3,0.061115579
222,BOISE POLICE DEPARTMENT,212303,46669785,40456,4,0.91166079,0.084805652,0.375,-0.571428571,4,283,0.235512452,5,-0.104501585
223,ALSIP POLICE DEPARTMENT,19419,4500000,51882,2,0.897435904,0.128205135,0.75,0.411764706,3,39,0.000001,0,0.000001
224,AURORA POLICE DEPARTMENT,199932,55867024,73320,1,0.888501763,0.181184664,0.53125,-0.32,3,287,0.125042514,1,0.125042514
225,BLUE ISLAND POLICE DEPARTMENT,23816,4206128,47350,2,0.972222209,0.194444448,0.15625,0.25,3,36,1.049714478,2,-0.026914679
226,CARBONDALE POLICE DEPARTMENT,26241,8918777,37020,1,0.884057999,0.101449274,0.65625,0,4,69,0.000001,0,0.000001
227,CHICAGO POLICE DEPARTMENT,2714856,1250254874,43104,2,0.765985727,0.478574991,0.65625,0.05,4,12042,0.552515493,135,1.536374084
228,CICERO POLICE DEPARTMENT,84137,21633181,61736,2,0.927152336,0.450331122,0.84375,0.285714286,2,151,0.000001,0,0.000001
229,COOK COUNTY SHERIFF'S DEPARTMENT,5231351,455602619,49500,4,0.723136485,0.58180058,0.15625,-0.791666667,3,2066,0.009557761,2,0.009557761
230,DECATUR POLICE DEPARTMENT,75407,20287717,52613,1,0.926829278,0.042682927,0.65625,-0.222222222,5,164,0.000001,0,0.000001
231,ELGIN POLICE DEPARTMENT,109927,34395830,61877,3,0.893854737,0.195530728,0.75,-0.25,5,179,0.000001,0,0.000001
232,EVANSTON POLICE DEPARTMENT,75430,26000000,56553,2,0.822085917,0.398773015,0.46875,-0.375,4,163,0.331433117,1,0.331433117
233,ILLINOIS STATE POLICE,12897748,383830100,57708,3,0.898895025,0.186740339,0.65625,0.05,3,1810,0.000001,0,0.000001
234,JOLIET POLICE DEPARTMENT,148268,30000000,49000,1,0.924686193,0.158995822,0.875,0.037037037,3,239,0.168613592,1,0.168613592
235,KANE COUNTY SHERIFF'S DEPARTMENT,522487,27270004,44958,1,0.848837197,0.162790701,0.125,-0.666666667,4,86,0.000001,0,0.000001
236,MANTENO POLICE DEPARTMENT,9153,2343975,45717,1,1,0.05882353,0.59375,0.461538462,2,17,0.000001,0,0.000001
237,MOUNT PROSPECT POLICE DEPARTMENT,54505,15339668,56676,1,0.892857134,0.083333336,0.625,0.25,5,84,0.000001,0,0.000001
238,NAPERVILLE POLICE DEPARTMENT,143684,35499023,64278,3,0.886904776,0.083333336,0.5,-0.333333333,0,168,0.000001,0,0.000001
239,OAK LAWN POLICE DEPARTMENT,56995,14000000,54807,2,0.963302732,0.04587156,0.4375,-0.176470588,5,109,0.000001,0,0.000001
240,OAK PARK POLICE DEPARTMENT,52015,18290372,61144,2,0.867924511,0.320754707,0.78125,-0.21875,2,106,0.000001,0,0.000001
241,PALATINE POLICE DEPARTMENT,69144,19600000,63044,3,0.936363637,0.081818178,1,0.185185185,3,110,0.000001,0,0.000001
242,ROCK ISLAND POLICE DEPARTMENT,38920,12347418,46570,1,0.963414609,0.085365854,0.78125,-0.107142857,4,82,0.642343268,1,0.642343268
243,ROCKFORD POLICE DEPARTMENT,150843,45833351,45631,1,0.874045789,0.164122134,0.90625,2.625,2,262,0.662940939,11,1.011694278
244,SCHAUMBURG POLICE DEPARTMENT,74781,26762129,59700,3,0.852173924,0.052173913,1,0.142857143,3,115,0.000001,0,0.000001
245,SKOKIE POLICE DEPARTMENT,65074,15000000,63016,2,0.857142866,0.238095239,0.375,-0.5,3,105,0.000001,0,0.000001
246,SPRINGFIELD POLICE DEPARTMENT,117126,37000000,69154,1,0.880658448,0.078189299,0.5,-0.058823529,4,243,0.000001,2,-0.999995457
247,WAUKEGAN POLICE DEPARTMENT,88862,27305822,55358,1,0.901408434,0.316901416,0.5,-0.333333333,3,142,0.281335104,2,0.281335104
248,WESTCHESTER POLICE DEPARTMENT,16792,5076625,55924,1,0.90322578,0,0.46875,2,3,31,0.000001,0,0.000001
249,WINNEBAGO COUNTY SHERIFF'S DEPARTMENT,292069,32970067,49743,1,0.912,0.064000003,0.875,1.333333333,2,125,0.000001,1,0.000001
250,ANDERSON POLICE DEPARTMENT,55554,11480291,44211,1,0.945454538,0.145454541,0.5,0.230769231,5,110,0.000001,0,0.000001
251,EAST CHICAGO POLICE DEPARTMENT,29476,9000000,34000,1,0.988372087,0.802325606,0.5,2.2,3,86,0.000001,0,0.000001
252,ELKHART POLICE DEPARTMENT,51152,8726440,40688,1,0.89915967,0.067226894,0.875,2.5,4,119,1.46621833,4,1.46621833
253,EVANSVILLE POLICE DEPARTMENT,120235,31980986,43417,1,0.911347508,0.031914894,0.875,0.75,4,282,0.000001,0,0.000001
254,FORT WAYNE POLICE DEPARTMENT,254555,51000000,49023,1,0.882217109,0.17551963,0.75,-0.25,3,433,0.589263617,7,4.173616704
255,GARY POLICE DEPARTMENT,79170,17000000,39304,1,0.895652175,0.643478274,0.6875,0.1,4,230,0.000001,1,0.000001
256,GREENE COUNTY SHERIFF'S DEPARTMENT,32940,2000000,30916,1,0.9375,0,0,0,2,16,0.000001,0,0.000001
257,GREENWOOD POLICE DEPARTMENT,52652,5837548,39929,1,0.896551728,0.034482758,0.125,-0.764705882,5,58,0.000001,0,0.000001
258,HAMMOND POLICE DEPARTMENT,79686,24000000,39000,1,0.95588237,0.232227489,0.40625,0.444444444,3,204,0.313731396,1,0.313731396
259,INDIANA STATE POLICE,6542557,125128798,38444,1,0.952875376,0.091853037,0.75,0,2,1252,0.007642272,2,0.007642272
260,KOKOMO POLICE DEPARTMENT,56866,12555573,49255,1,0.924528301,0.056603774,0.46875,-0.4,4,106,0.439630007,1,0.439630007
261,LAFAYETTE POLICE DEPARTMENT,67925,14021750,45297,1,0.946969688,0.022727273,0.875,2.5,4,132,0.000001,1,0.000001
262,LAKE COUNTY SHERIFF'S DEPARTMENT,493618,12193208,41847,1,0.917197466,0.324840754,0.25,-0.384615385,4,157,0.050646451,1,0.050646451
263,MISHAWAKA POLICE DEPARTMENT,48031,11428229,51235,1,0.961904764,0.00952381,0.5,0.230769231,4,105,0.000001,0,0.000001
264,MUNCIE POLICE DEPARTMENT,70087,9386732,42000,1,0.912621379,0.019417476,0.25,-0.6,4,103,0.356699531,1,0.356699531
265,SOUTH BEND POLICE DEPARTMENT,100800,31370703,42330,1,0.912698388,0.178571433,0.53125,-0.451612903,4,252,0.248015873,1,0.248015873
266,TERRE HAUTE POLICE DEPARTMENT,61112,10401007,41151,1,0.962121189,0.022727273,0.125,-0.75,4,132,0.409084959,1,0.409084959
267,JOHNSON COUNTY SHERIFF'S DEPARTMENT,559913,74000000,39000,1,0.853813589,0.063559324,0.3125,-0.285714286,4,472,0.000001,1,0.000001
268,KANSAS CITY POLICE DEPARTMENT,147268,50109247,40417,1,0.880319178,0.247340426,0.375,-0.4,5,376,0.339517071,3,0.339517071
269,LAWRENCE POLICE DEPARTMENT,89512,16000000,42120,1,0.931972802,0.129251704,0.75,5,3,147,0.000001,1,0.000001
270,LENEXA POLICE DEPARTMENT,49398,13459052,37779,1,0.887640476,0.101123594,0.78125,0.086956522,5,89,0.000001,1,0.000001
271,OLATHE POLICE DEPARTMENT,130045,21806788,39965,1,0.909638584,0.090361446,0.90625,0.8125,4,166,0.192241147,2,0.192241147
272,OVERLAND PARK POLICE DEPARTMENT,178919,30924932,39672,1,0.839999974,0.123999998,0.75,0.2,3,250,0.000001,2,0.000001
273,SEDGWICK COUNTY SHERIFF'S DEPARTMENT,503889,50257137,40419,1,0.856321812,0.103448279,0.78125,0.136363636,4,174,0.099228203,5,0.837293531
274,TOPEKA POLICE DEPARTMENT,127939,26515252,38084,1,0.897058845,0.128676474,0.90625,0.074074074,4,272,0.390811246,5,0.390811246
275,WICHITA POLICE DEPARTMENT,385577,75454073,42805,1,0.872239769,0.186119869,1,0,3,634,0.713216815,16,4.058376148
276,BOONE COUNTY SHERIFF'S DEPARTMENT,123316,16440745,41993,1,0.977272749,0.022727273,0.125,-0.764705882,3,132,0.202731195,1,0.202731195
277,COVINGTON POLICE DEPARTMENT,40713,14000000,34197,1,0.932038844,0.038834952,0.75,1,3,103,0.000001,0,0.000001
278,JEFFERSON COUNTY SHERIFF'S DEPARTMENT,161711,21532889,30687,1,0.909952581,0.19905214,0.46875,2,4,211,0.154596781,2,3.322631114
279,KENTUCKY STATE POLICE,4390565,189000000,37382,1,0.972639024,0.040600177,0.40625,-0.59375,4,1133,0.05694028,12,0.05694028
280,LOUISVILLE METROPOLITAN POLICE DEPARTMENT,670135,162700976,35131,4,0.865573764,0.15245901,0.90625,0.380952381,4,1220,0.410365076,20,2.824695522
281,ALEXANDRIA POLICE DEPARTMENT,48367,17847227,31000,1,0.89808917,0.22292994,1,0.333333333,5,157,0.000001,1,-0.999998174
282,BATON ROUGE POLICE DEPARTMENT,230058,84402820,31390,1,0.898176312,0.305471122,0.625,-0.259259259,3,658,0.652009493,20,0.174086535
283,BOSSIER CITY POLICE DEPARTMENT,64655,18735791,32700,1,0.921568632,0.156862751,0.59375,2.8,2,153,0.386667698,3,-0.101214137
284,CADDO PARISH SHERIFF'S DEPARTMENT,257093,30420000,33720,1,0.602620065,0.449781656,0.46875,0.153846154,4,458,0.000001,3,-0.999989986
285,CALCASIEU PARISH SHERIFF'S DEPARTMENT,194493,70174000,34800,1,0.677152336,0.192052975,0.9375,0.875,4,604,0.000001,5,-0.999997548
286,EUNICE POLICE DEPARTMENT,10379,2100000,19000,1,0.789473712,0.131578952,0.25,1,4,38,0.000001,0,0.000001
287,LAFAYETTE PARISH SHERIFF'S DEPARTMENT,227055,54000000,31000,1,0.544444442,0.377777785,0.8125,0.083333333,3,450,0.000001,3,-0.999996115
288,LAFOURCHE PARISH SHERIFF'S DEPARTMENT,97029,33663132,32100,1,0.697095454,0.136929467,0.96875,0.9375,3,241,0.000001,6,-0.999996349
289,LOUISIANA STATE POLICE,4590787,300000000,35609,1,0.958592117,0.227743268,0,-1,3,966,0.021782758,17,-0.347049645
290,NEW ORLEANS POLICE DEPARTMENT,369250,128528462,36570,1,0.80174464,0.614591599,0.75,-0.142857143,1,1261,0.812457684,51,-0.364885579
291,OUACHITA PARISH SHERIFF'S DEPARTMENT,155363,31000000,33412,1,0.664215684,0.117647059,0.34375,-0.3125,3,408,0.000001,2,-0.999994084
292,PLAQUEMINES PARISH SHERIFF'S DEPARTMENT,23921,19400000,33282,1,0.719047606,0.314285725,0.25,1,1,210,0.000001,1,-0.999998879
293,SHREVEPORT POLICE DEPARTMENT,201867,55134500,33000,1,0.808318257,0.372513562,0.625,-0.259259259,3,553,1.857658756,26,2.684926214
294,SLIDELL POLICE DEPARTMENT,27369,8821399,31054,1,0.970588207,0.044117648,0.15625,-0.6875,4,68,0.000001,1,0.000001
295,WASHINGTON PARISH SHERIFF'S DEPARTMENT,46670,5500000,16600,1,0.879999995,0.073170729,0.75,23,3,50,0.000001,0,0.000001
296,BOSTON POLICE DEPARTMENT,636479,278780806,55941,1,0.578029215,0.345120221,0.6875,-0.083333333,3,2121,0.235671562,18,-0.314648244
297,BROCKTON POLICE DEPARTMENT,94094,18000000,36555,1,0.905882359,0.252941191,0.53125,-0.32,3,170,0.797075265,4,0.797075265
298,BROOKLINE POLICE DEPARTMENT,59115,13602024,58000,1,0.899999976,0.161538467,0.75,-0.142857143,2,130,0.000001,0,0.000001
299,CAMBRIDGE POLICE DEPARTMENT,106471,45000000,39781,1,0.910071969,0.226618707,0.75,0.2,0,278,0.000001,1,-0.999995937
300,CHICOPEE POLICE DEPARTMENT,55490,10192582,39673,1,0.944444418,0.079365082,0.375,-0.4,3,126,0.000001,0,0.000001
301,FALL RIVER POLICE DEPARTMENT,88945,15954000,52000,1,0.964285731,0.049107142,1,0.6,3,224,0.000001,2,-0.999998145
302,FRAMINGHAM POLICE DEPARTMENT,70068,8524520,45514,1,0.899999976,0.108333334,0.75,0,4,120,0.000001,1,0.000001
303,HOLYOKE POLICE DEPARTMENT,40135,11730212,48352,1,0.941176474,0.235294119,0.96875,0.631578947,4,119,0.000001,0,0.000001
304,LAWRENCE POLICE DEPARTMENT,77326,9931121,42999,1,0.956140339,0.236842111,0,-1,4,114,0.000001,0,0.000001
305,LOWELL POLICE DEPARTMENT,108522,24028450,47881,1,0.919642866,0.191964284,0,-1,3,224,0.230368036,2,-0.038434603
306,LYNN POLICE DEPARTMENT,91253,20400811,42467,1,0.938202262,0.157303378,0.71875,0.15,2,178,0.547927191,4,0.547927191
307,NEW BEDFORD POLICE DEPARTMENT,94929,22245881,42559,1,0.940740764,0.248148143,0.5,-0.058823529,3,270,0.263354718,3,0.263354718
308,NEWTON POLICE DEPARTMENT,86307,17047527,48062,1,0.888888896,0.096296296,0.625,0.176470588,2,135,0.000001,0,0.000001
309,PLYMOUTH COUNTY SHERIFF'S DEPARTMENT,499759,49718199,44250,1,0.902499974,0.097499996,0,0,3,400,0.000001,0,0.000001
310,QUINCY POLICE DEPARTMENT,93027,22000000,95000,0,0.942708313,0.026041666,0.375,-0.428571429,1,192,0.000001,1,0.000001
311,SOMERVILLE POLICE DEPARTMENT,77104,14382569,48772,1,0.927999973,0.175999999,0.46875,-0.25,1,125,0.000001,2,0.000001
312,SPRINGFIELD POLICE DEPARTMENT,153552,37090369,45604,1,0.918793499,0.364269137,0.25,-0.5,3,431,0.32562259,5,0.32562259
313,TAUNTON POLICE DEPARTMENT,56055,11547172,49522,1,0.951456308,0.038834952,0.125,-0.666666667,4,103,0.445990545,1,0.445990545
314,WALTHAM POLICE DEPARTMENT,61918,13623218,48048,1,0.897260249,0.061643835,0.78125,0.041666667,3,146,0.000001,0,0.000001
315,WATERTOWN POLICE DEPARTMENT,32863,7737663,62000,1,0.876923084,0.075757578,0.65625,-0.16,2,65,0.760733956,1,0.760733956
316,WEYMOUTH POLICE DEPARTMENT,54906,9833486,45349,1,0.910112381,0.02247191,0.4375,0.166666667,1,89,0.455323644,1,0.455323644
317,ANNAPOLIS POLICE DEPARTMENT,38620,16000000,43860,1,0.880341887,0.282051295,0.75,0.5,3,117,0.647332988,2,0.647332988
318,BALTIMORE CITY POLICE DEPARTMENT,621342,410000000,43136,1,0.844354033,0.492709398,0.375,2,3,2949,0.563296864,22,6.082556788
319,BALTIMORE COUNTY POLICE DEPARTMENT,817455,190000000,46699,1,0.859078586,0.145257458,0.25,-0.68,3,1845,0.061165446,2,0.061165446
320,CHARLES COUNTY SHERIFF'S DEPARTMENT,150592,75544255,42838,1,0.905405402,0.172297299,0.65625,-0.25,2,296,0.166011475,1,0.166011475
321,FREDERICK POLICE DEPARTMENT,66382,27840201,43187,1,0.858208954,0.141791046,0.75,-0.04,4,134,0.000001,5,0.000001
322,HAGERSTOWN POLICE DEPARTMENT,40638,9469785,37794,1,0.93617022,0.031914894,0.625,0,3,94,1.230375511,2,1.230375511
323,HARFORD COUNTY SHERIFF'S DEPARTMENT,248622,66516256,44699,1,0.915492952,0.07394366,0.625,0,3,284,0.20110851,2,0.20110851
324,HOWARD COUNTY POLICE DEPARTMENT,299430,95532202,49483,2,0.834821403,0.232142851,0.75,-0.25,4,448,0.166983936,3,0.166983936
325,MARYLAND STATE POLICE,5862789,320424897,42838,1,0.926380396,0.170415819,0.25,-0.5,3,1467,0.034113457,10,0.034113457
326,MONTGOMERY COUNTY POLICE DEPARTMENT,984237,250599471,46972,4,0.818911672,0.216770738,0.625,0.25,4,1121,0.152402318,8,0.152402318
327,MONTGOMERY COUNTY SHERIFF'S DEPARTMENT,1004709,20972895,45606,1,0.838461518,0.36153847,0.25,1,4,130,0.049765654,4,0.82914854
328,LEWISTON POLICE DEPARTMENT,36460,5443959,34174,1,0.915662646,0.012048192,0.90625,-0.064516129,2,83,0.000001,0,0.000001
329,PORTLAND POLICE DEPARTMENT,66214,13662981,39228,1,0.863354027,0.043478262,0.78125,0.388888889,3,161,0.000001,4,-0.999997455
330,ALCONA COUNTY SHERIFF'S DEPARTMENT,10635,2000000,30534,1,1,0,0.40625,1.6,4,15,0.000001,0,0.000001
331,ANN ARBOR POLICE DEPARTMENT,116121,24918785,44595,1,0.75,0.172413796,0.25,0.333333333,4,116,0.215292669,1,0.215292669
332,BLISSFIELD POLICE DEPARTMENT,3291,250000,40200,1,0.800000012,0,0.125,0,2,5,0.000001,0,0.000001
333,DEARBORN POLICE DEPARTMENT,96474,37700000,47428,2,0.906593382,0.093406595,0.875,2.5,3,182,0.518274354,2,0.518274354
334,DETROIT POLICE DEPARTMENT,701475,267911971,29347,1,0.747426748,0.669437826,0.625,0.666666667,1,2526,0.498948644,15,0.498948644
335,FARMINGTON HILLS POLICE DEPARTMENT,80756,15000000,46762,2,0.920792103,0.03960396,0.25,-0.666666667,3,101,0.000001,0,0.000001
336,FLINT POLICE DEPARTMENT,100515,21758778,44000,1,0.852941155,0.588235319,0.53125,0.307692308,1,102,0.248719097,3,0.248719097
337,GRAND RAPIDS POLICE DEPARTMENT,190411,52547545,41065,1,0.883161485,0.12371134,0.53125,0,3,291,0.000001,0,0.000001
338,JONESVILLE POLICE DEPARTMENT,2237,375000,30000,2,0.800000012,0,0.125,-0.2,2,5,0.000001,0,0.000001
339,KALAMAZOO COUNTY SHERIFF'S DEPARTMENT,254580,24000000,44553,2,0.870229006,0.137404576,0.375,0.5,4,131,0.000001,0,0.000001
340,LANSING POLICE DEPARTMENT,109266,33513551,40369,1,0.767195761,0.211640209,0.71875,-0.041666667,3,189,0.228799444,3,0.228799444
341,LIVONIA POLICE DEPARTMENT,95586,21271540,47008,2,0.935483873,0.024193548,0.53125,0.7,3,124,0.000001,0,0.000001
342,MACOMB COUNTY SHERIFF'S DEPARTMENT,847383,62625350,45247,2,0.900862098,0.024193548,0.25,-0.5,3,232,0.000001,0,0.000001
343,MICHIGAN STATE POLICE,9865946,577982700,43867,1,0.89185977,0.172311351,0.65625,1.625,4,1683,0.025339689,15,2.405649088
344,OTTAWA COUNTY SHERIFF'S DEPARTMENT,269099,26000000,49027,1,0.864000022,0,0.71875,-0.115384615,3,125,0.000001,0,0.000001
345,SOUTHFIELD POLICE DEPARTMENT,72507,24645965,60499,1,0.875968993,0.116279073,0.5625,-0.142857143,4,129,0.344794296,2,0.344794296
346,STERLING HEIGHTS POLICE DEPARTMENT,130410,32380010,47979,3,0.892617464,0.006711409,0.25,-0.555555556,4,149,0.19170309,1,0.19170309
347,TAYLOR POLICE DEPARTMENT,62114,11582000,35547,2,0.884057999,0.014492754,0.125,-0.555555556,5,69,0.000001,0,0.000001
348,WARREN POLICE DEPARTMENT,134141,36000000,46000,1,0.934343457,0.02020202,0.53125,0,2,198,0.186371057,2,0.186371057
349,WESTLAND POLICE DEPARTMENT,82883,15200000,43854,1,0.973333359,0.053333335,0.3125,-0.166666667,3,75,0.301630009,1,0.301630009
350,DULUTH POLICE DEPARTMENT,86211,18280700,44000,2,0.846153855,0.051282052,0.78125,1.272727273,4,156,0.289986197,3,0.289986197
351,MINNEAPOLIS POLICE DEPARTMENT,392880,136098777,51380,2,0.839285731,0.202380955,0.375,-0.6,5,840,0.254530645,34,-0.81907089
352,MINNESOTA STATE PATROL,5371685,91640000,45205,2,0.913371027,0.024482109,0,-1,0,,0.009308066,13,-0.058140044
353,ROSEVILLE POLICE DEPARTMENT,34666,6200000,46318,2,0.833333313,0.083333336,0.5,-0.2,3,48,0.000001,3,-0.999998676
354,WAYZATA POLICE DEPARTMENT,3777,1372245,64896,2,0.916666687,0.083333336,0.125,-0.666666667,3,12,0.000001,0,0.000001
355,WILLMAR POLICE DEPARTMENT,19674,3726076,43638,2,0.935483873,0,0.3125,-0.375,4,31,0.000001,0,0.000001
356,BALLWIN POLICE DEPARTMENT,30443,5151940,49390,1,0.921568632,0,0.28125,-0.571428571,4,51,0.000001,0,0.000001
357,CHILLICOTHE POLICE DEPARTMENT,9431,1295907,28835,0,0.823529422,0,0.125,-0.6,4,17,0.000001,0,0.000001
358,CLAY COUNTY SHERIFF'S DEPARTMENT,227577,13500000,33003,1,0.834710717,0.05785124,0.8125,0.181818182,5,121,0.000001,0,0.000001
359,COLUMBIA POLICE DEPARTMENT,113225,19440925,38644,2,0.822368443,0.052631579,0.8125,0.083333333,3,152,0.000001,0,0.000001
360,INDEPENDENCE POLICE DEPARTMENT,117270,25612039,41983,1,0.917525768,0.082474224,0.78125,0.041666667,5,194,0.639549757,4,0.639549757
361,JASPER COUNTY SHERIFF'S DEPARTMENT,115258,8585725,28152,1,0.915789485,0.010526316,0.4375,1.8,4,95,0.000001,0,0.000001
362,KANSAS CITY POLICE DEPARTMENT,464310,196432911,39984,1,0.861335278,0.228173152,0.53125,-0.392857143,4,1363,0.699963387,42,3.132285183
363,MISSOURI STATE HIGHWAY PATROL,6032893,301464028,39372,2,0.950372219,0.054590572,0.125,-0.826086957,4,1209,0.016575795,5,0.016575795
364,O'FALLON POLICE DEPARTMENT,81979,12185755,44803,4,0.933333337,0.00952381,0.59375,-0.095238095,4,105,0.304956147,1,0.304956147
365,SPRINGFIELD POLICE DEPARTMENT,162191,31833760,33321,2,0.933753967,0.056782335,0.625,-0.35483871,5,317,0.770696278,7,0.770696278
366,GULFPORT POLICE DEPARTMENT,70113,17876752,32329,1,0.939226508,0.116022103,0.5,-0.238095238,4,181,0.356567256,3,0.356567256
367,HATTIESBURG POLICE DEPARTMENT,47169,12000000,30000,1,0.900826454,0.404958665,0.78125,-0.107142857,2,121,0.000001,1,0.000001
368,JACKSON POLICE DEPARTMENT,175437,41726645,31037,1,0.765327692,0.856236815,0.625,0.176470588,2,473,0.570005187,26,-0.545011726
369,TUPELO POLICE DEPARTMENT,35490,9000000,34605,2,0.930000007,0.189999998,0.75,-0.2,4,100,1.408847563,3,1.408847563
370,VICKSBURG POLICE DEPARTMENT,23450,6760760,28392,1,0.85135138,0.662162185,0.96875,6.75,2,74,1.066098081,2,1.066098081
371,BILLINGS POLICE DEPARTMENT,106954,19290264,45448,1,0.91366905,0.021582734,0.75,2,3,139,0.934981394,6,2.561157133
372,MONTANA HIGHWAY PATROL,1004471,35000000,44000,1,0.942386806,0.017241379,0.625,1.5,0,243,0.024888723,1,0.024888723
373,ASHEBORO POLICE DEPARTMENT,25559,6530363,34267,1,0.907894731,0.039473683,0.125,-0.5,4,76,0.000001,0,0.000001
374,ASHEVILLE POLICE DEPARTMENT,85712,21000000,32258,1,0.868020296,0.116751269,0.875,0.037037037,4,197,0.291674445,3,-0.194453519
375,BURLINGTON POLICE DEPARTMENT,51306,13000000,32906,1,0.84677422,0.104838707,0.625,-0.285714286,5,124,0.000001,2,-0.999998149
376,CARY POLICE DEPARTMENT,145693,21000000,38292,1,0.872222245,0.105555557,1,0.142857143,2,180,0.000001,1,0.000001
377,CHAPEL HILL POLICE DEPARTMENT,58424,12594282,37048,1,0.870689631,0.155172408,0.625,-0.047619048,4,116,0.000001,1,0.000001
378,CHARLOTTE-MECKLENBURG POLICE DEPARTMENT,775202,211316611,40674,1,0.86523217,0.228765577,0.90625,-0.064516129,4,1766,0.290246929,23,1.585144259
379,CONCORD POLICE DEPARTMENT,81981,16550240,33395,1,0.865384638,0.166666672,0.625,-0.375,3,156,0.000001,1,-0.999997642
380,CUMBERLAND COUNTY SHERIFF'S DEPARTMENT,324049,40151049,35348,1,0.836177468,0.32081911,0.84375,0.08,4,293,0.154297653,3,0.875969375
381,DAVIDSON COUNTY SHERIFF'S DEPARTMENT,163260,14000000,31569,1,0.928571403,0.015873017,0.375,0,4,126,0.153129977,3,-0.067879456
382,DURHAM COUNTY SHERIFF'S DEPARTMENT,279641,4736347,33043,1,0.923076928,0.218934909,0.75,5,2,169,0.000001,0,0.000001
383,FAYETTEVILLE POLICE DEPARTMENT,202103,40000000,33813,1,0.845360816,0.280927837,0.875,0.037037037,2,388,0.989594415,17,0.989594415
384,FORSYTH COUNTY SHERIFF'S DEPARTMENT,358137,41816466,32500,1,0.868292689,0.131707311,0.375,3,3,205,0.000001,1,0.000001
385,GASTON COUNTY POLICE DEPARTMENT,85460,13067444,35670,3,0.91911763,0.095588237,0.5,-0.466666667,4,136,0.585069038,3,0.585069038
386,GASTONIA POLICE DEPARTMENT,72723,16000000,30000,1,0.905882359,0.111764707,0.875,0.333333333,4,170,1.375080786,6,1.375080786
387,GREENSBORO POLICE DEPARTMENT,277080,65355241,35556,1,0.847826064,0.242028981,1,0.333333333,4,690,0.270679948,11,-0.173126895
388,GREENVILLE POLICE DEPARTMENT,87242,22000000,40872,1,0.861878455,0.243093923,0.375,-0.333333333,3,181,0.573118452,6,-0.229843424
389,GUILFORD COUNTY SHERIFF'S DEPARTMENT,500879,57000000,33963,1,0.868217051,0.139534891,0.40625,-0.535714286,4,258,0.149736763,4,0.149736763
390,HENDERSON COUNTY SHERIFF'S DEPARTMENT,108266,17885205,30555,1,0.844961226,0.032258064,0.25,-0.529411765,3,129,0.230912752,4,-0.133458334
391,HICKORY POLICE DEPARTMENT,40093,10808576,33955,1,0.878504694,0.112149529,0.625,-0.285714286,2,107,0.623550246,2,0.623550246
392,HIGH POINT POLICE DEPARTMENT,106586,22508577,34158,1,0.858447492,0.10958904,1,0.28,4,219,0.23455238,2,-0.141134858
393,JACKSONVILLE POLICE DEPARTMENT,69220,16506144,34850,1,0.774999976,0.150000006,1,0.882352941,3,120,0.000001,2,0.000001
394,LENOIR COUNTY SHERIFF'S DEPARTMENT,59227,8663643,27416,1,0.925373137,0.164179102,0.28125,1.25,5,67,0.000001,1,0.000001
395,RALEIGH POLICE DEPARTMENT,423179,88398000,34281,1,0.892857134,0.174603179,0.84375,0.35,3,756,0.059076656,5,-0.812843974
396,ROCKY MOUNT POLICE DEPARTMENT,57136,15000000,35118,1,0.886666656,0.273333341,0.65625,0.909090909,3,150,0.000001,1,0.000001
397,UNION COUNTY SHERIFF'S DEPARTMENT,208520,22000000,32162,1,0.868131876,0.060439561,0.375,0,3,182,0.119892576,3,-0.299894495
398,WILMINGTON POLICE DEPARTMENT,109922,24000000,35000,1,0.828685284,0.314741045,0.625,0.176470588,4,251,0.682301996,7,1.48731828
399,WINSTON-SALEM POLICE DEPARTMENT,234349,61642450,32100,1,0.853790641,0.19314079,1,0,5,554,0.213357002,4,0.213357002
400,FARGO POLICE DEPARTMENT,109779,14000000,47466,1,0.841379285,0,0.25,-0.652173913,2,145,0.000001,0,0.000001
401,DOUGLAS COUNTY SHERIFF'S DEPARTMENT,531265,14300000,43000,1,0.87969923,0.060150377,0.75,5,5,133,0.047057495,1,0.047057495
402,LINCOLN POLICE DEPARTMENT,265404,38033450,45508,1,0.847094774,0.058103975,0.90625,-0.064516129,4,327,0.094196018,2,0.094196018
403,NEBRASKA STATE PATROL,1852866,60535490,44137,1,0.942307711,0.023504274,0.875,0.647058824,3,468,0.013492611,1,0.013492611
404,OMAHA POLICE DEPARTMENT,421570,121748730,41537,1,0.845000029,0.200000003,0.5,-0.333333333,3,800,0.652323458,18,1.637128472
405,SARPY COUNTY SHERIFF'S DEPARTMENT,165853,18000000,41982,1,0.789473712,0.007518797,0.65625,0.105263158,3,133,0.000001,0,0.000001
406,MANCHESTER POLICE DEPARTMENT,110209,20570203,47925,1,0.920930207,0.041860465,0.65625,0,3,215,0.000001,0,0.000001
407,NASHUA POLICE DEPARTMENT,86933,17672990,48349,1,0.931034505,0.057471264,0.625,-0.047619048,3,174,0.000001,0,0.000001
408,NEW HAMPSHIRE STATE POLICE,1320659,42139342,41219,1,0.913888872,0.005555556,0,-1,0,,0.018929943,2,0.018929943
409,BAYONNE POLICE DEPARTMENT,64416,24211000,37922,1,0.931034505,0.114942528,0.84375,0.588235294,1,174,0.388102335,1,0.388102335
410,BERGEN COUNTY SHERIFF'S DEPARTMENT,918888,59895336,41777,1,0.913439631,0.16628702,0.53125,0.888888889,1,439,0.000001,0,0.000001
411,CAMDEN COUNTY SHERIFF'S DEPARTMENT,513539,14000000,44449,1,0.853503168,0.292993635,0.4375,3.5,0,157,0.000001,0,0.000001
412,CHERRY HILL POLICE DEPARTMENT,70986,23595232,41780,3,0.939849615,0.075187966,0.71875,-0.08,3,133,0.000001,0,0.000001
413,CLIFTON POLICE DEPARTMENT,84722,19300000,34000,1,0.964028776,0.179856122,0.625,0.666666667,1,139,0.000001,0,0.000001
414,EAST ORANGE POLICE DEPARTMENT,64268,26276016,35629,1,0.721739113,0.943478286,0.75,0.411764706,1,230,0.388996079,1,0.388996079
415,ELIZABETH POLICE DEPARTMENT,126458,33524846,60457,1,0.917177916,0.374233127,0.5,-0.058823529,1,326,0.395388192,3,0.395388192
416,ESSEX COUNTY SHERIFF'S DEPARTMENT,787744,18034000,37000,1,0.848137558,0.41833812,0.84375,1.25,2,349,0.031736199,4,0.031736199
417,HOBOKEN POLICE DEPARTMENT,52034,9000000,39906,1,0.960317433,0.365079373,0.5,-0.058823529,2,126,0.000001,1,-0.999998421
418,HUDSON COUNTY SHERIFF'S DEPARTMENT,652302,23689782,30139,1,0.845493555,0.446351945,0.4375,2.5,3,233,0.000001,0,0.000001
419,KEARNY POLICE DEPARTMENT,41389,14731783,41282,1,0.939393938,0.25252524,0.40625,0.444444444,2,99,0.000001,0,0.000001
420,LINDEN POLICE DEPARTMENT,40880,15000000,48081,1,0.94615382,0.123076923,0.375,0,1,130,0.000001,0,0.000001
421,NEW BRUNSWICK POLICE DEPARTMENT,56160,16500000,43363,1,0.963235319,0.316176474,0.75,0.5,2,136,0.000001,1,0.000001
422,NEW JERSEY STATE POLICE,8843986,227817000,57854,3,0.95925492,0.173069462,0.75,-0.172413793,2,2577,0.005653559,8,-0.023246305
423,NEWARK POLICE DEPARTMENT,277727,132502505,34466,1,0.795795798,0.74874872,0.34375,0.375,1,999,0.270049365,7,2.001987563
424,NORTH HALEDON POLICE DEPARTMENT,8442,2547340,64368,1,0.944444418,0.055555556,0.125,-0.636363636,1,18,0.000001,0,0.000001
425,PATERSON POLICE DEPARTMENT,145219,40191125,33128,1,0.882191777,0.564383566,0.625,0.176470588,5,365,0.172153782,1,0.172153782
426,PERTH AMBOY POLICE DEPARTMENT,51744,12592717,51343,1,0.912280679,0.587719321,0.875,-0.034482759,3,114,0.483147805,2,-0.063717532
427,TRENTON POLICE DEPARTMENT,84477,32051061,37571,1,0.897435904,0.401709408,0.5,-0.238095238,1,234,0.591877079,3,0.591877079
428,UNION CITY POLICE DEPARTMENT,67744,18000000,42402,1,0.891025662,0.769230783,0.53125,3.25,1,156,0.000001,0,0.000001
429,VINELAND POLICE DEPARTMENT,60854,13950000,46012,0,0.942028999,0.210144922,0.75,0.411764706,1,138,0.410819338,3,0.410819338
430,WEST NEW YORK POLICE DEPARTMENT,51464,13537762,44133,1,0.949999988,0.75999999,0.5,0.230769231,1,100,0.000001,0,0.000001
431,ALBUQUERQUE POLICE DEPARTMENT,555417,155098000,41683,1,0.870236874,0.453141093,1,2.555555556,3,971,0.85521329,50,1.305928699
432,LAS CRUCES POLICE DEPARTMENT,101047,20800000,42765,1,0.914772749,0.653409064,0.78125,0.086956522,5,176,0.742228864,7,0.142884004
433,NEW MEXICO STATE POLICE,2099765,127269800,37128,4,0.946107805,0.610778451,0.59375,0.1875,4,501,0.095248754,12,6.142185911
434,HENDERSON POLICE DEPARTMENT,265679,90476916,55577,1,0.903903902,0.135135129,0.75,-0.04,4,333,0.564591104,18,1.426070559
435,LAS VEGAS METROPOLITAN POLICE DEPARTMENT,1480359,489000000,56035,1,0.909223497,0.227852717,0.78125,0.19047619,4,2743,0.455970477,119,-0.178450111
436,NEVADA HIGHWAY PATROL,2754292,65864911,46416,1,0.832993865,0.164969444,0.25,2,1,491,0.027230228,10,0.027230228
437,NORTH LAS VEGAS POLICE DEPARTMENT,223491,88081724,52581,1,0.928792596,0.328173369,0.125,-0.833333333,4,323,0.559306639,13,-0.353432577
438,RENO POLICE DEPARTMENT,231027,54000000,51737,1,0.927835047,0.118457302,1,0,3,291,0.43284984,13,0.118957236
439,WASHOE COUNTY SHERIFF'S DEPARTMENT,429908,87051966,45884,1,0.837563455,0.144670054,0.5,-0.36,4,394,0.058151977,7,-0.712455533
440,ALBANY COUNTY SHERIFF'S DEPARTMENT,305455,18192848,35000,1,0.942857146,0.028571429,0.125,0,4,105,0.000001,0,0.000001
441,DUTCHESS COUNTY SHERIFF'S DEPARTMENT,297322,14000000,47699,1,0.898989916,0.030303031,1,1.461538462,3,99,0.000001,1,0.000001
442,LIVINGSTON COUNTY SHERIFF'S DEPARTMENT,64810,15118150,47070,1,0.877551019,0.020408163,0.46875,-0.166666667,3,49,0.000001,0,0.000001
443,MONROE COUNTY SHERIFF'S DEPARTMENT,747813,136000000,41103,1,0.831501842,0.069597073,0.65625,0.3125,2,273,0.000001,1,-0.99997053
444,NASSAU COUNTY POLICE DEPARTMENT,1072706,75000000,35000,1,0.900579572,0.11547035,0.28125,-0.470588235,5,2243,0.000001,4,0.000001
445,NEW YORK CITY POLICE DEPARTMENT,8336697,4612690000,41975,2,0.830963016,0.478173792,0.625,-0.166666667,4,34454,0.191922532,217,0.001184568
446,NEW YORK STATE POLICE,19511894,690000000,74357,4,0.915187359,0.133245677,0.625,-0.310344828,5,4563,0.010250158,18,1.622689525
447,NIAGARA COUNTY SHERIFF'S DEPARTMENT,215124,32000000,45000,2,0.952380955,0.00952381,0.625,3,4,105,0.000001,1,0.000001
448,ONONDAGA COUNTY SHERIFF'S DEPARTMENT,466852,35914597,48832,1,0.822966516,0.038277511,0.375,0.5,2,209,0.053550162,2,0.053550162
449,SUFFOLK COUNTY POLICE DEPARTMENT,1347048,451326836,54351,1,0.890651107,0.114774622,0.65625,0.75,3,2396,0.111354607,13,1.179635767
450,AKRON POLICE DEPARTMENT,198549,47734700,49400,1,0.900485456,0.196601942,0.5,-0.238095238,4,412,0.377740507,3,0.377740507
451,BUTLER COUNTY SHERIFF'S DEPARTMENT,370589,29300000,44843,1,0.840579689,0.043478262,0.375,-0.25,5,138,0.000001,0,0.000001
452,CANTON POLICE DEPARTMENT,72683,15013345,30000,1,0.921985805,0.163120568,0.375,-0.294117647,4,141,0.000001,0,0.000001
453,CINCINNATI POLICE DEPARTMENT,296550,128712737,52790,1,0.769776881,0.338742405,0.75,-0.04,4,986,0.927330973,17,10.7719474
454,CLARK COUNTY SHERIFF'S DEPARTMENT,137206,12920198,33237,1,0.76119405,0.06666667,0.59375,0.1875,5,134,0.000001,0,0.000001
455,CLEVELAND POLICE DEPARTMENT,390928,172000000,47282,1,0.912756085,0.358228683,0.25,-0.466666667,3,1513,0.575553555,38,-0.291955552
456,DAYTON POLICE DEPARTMENT,141359,46919600,48609,1,0.874269009,0.114035085,0.71875,-0.041666667,4,342,0.884273375,8,0.884273375
457,FOREST PARK POLICE DEPARTMENT,18682,4730000,49795,1,0.916666687,0.222222224,0.375,-0.5,4,36,0.000001,0,0.000001
458,FRANKLIN COUNTY SHERIFF'S DEPARTMENT,1195537,99128566,42619,1,0.892473102,0.092473119,0.59375,1.375,2,465,0.020911105,1,0.020911105
459,GREENE COUNTY SHERIFF'S DEPARTMENT,163587,12368146,42515,1,0.805194795,0.025974026,0.46875,0.875,4,77,0.000001,0,0.000001
460,LICKING COUNTY SHERIFF'S DEPARTMENT,167537,16769067,41561,1,0.878787875,0.030303031,0.59375,-0.095238095,2,99,0.000001,0,0.000001
461,MONTGOMERY COUNTY SHERIFF'S DEPARTMENT,534325,47767748,49670,1,0.904522598,0.045226131,0.65625,4.25,4,199,0.046788004,1,0.046788004
462,OHIO STATE HIGHWAY PATROL,11553438,258365903,44762,1,0.918543041,0.149668872,0.75,0.5,4,1510,0.004327716,4,-0.010182251
463,SPRINGFIELD POLICE DEPARTMENT,60147,13071134,40290,1,0.905511796,0.086614177,0.625,0.052631579,4,127,0.415648328,1,0.415648328
464,STARK COUNTY SHERIFF'S DEPARTMENT,374868,17957214,38230,1,0.908333361,0.041666668,0.375,3,1,120,0.000001,0,0.000001
465,STRONGSVILLE POLICE DEPARTMENT,44620,11400000,36608,3,0.970588207,0.014705882,0.5,-0.407407407,5,68,0.000001,0,0.000001
466,SUMMIT COUNTY SHERIFF'S DEPARTMENT,540811,38130375,38867,1,0.806060612,0.063636363,0.375,0.5,2,330,0.000001,0,0.000001
467,TOLEDO POLICE DEPARTMENT,284012,78349907,44281,1,0.831103683,0.265886277,0.875,0.12,4,598,0.176048899,7,0.176048899
468,YOUNGSTOWN POLICE DEPARTMENT,65394,20243373,30000,1,0.886666656,0.25333333,0.375,-0.4,4,150,0.000001,0,0.000001
469,CREEK COUNTY SHERIFF'S DEPARTMENT,70651,6000000,28373,1,0.857142866,0.028571429,0.40625,1.6,3,35,0.000001,0,0.000001
470,LAWTON POLICE DEPARTMENT,98376,19816948,35276,1,0.921212137,0.128834352,0.125,-0.714285714,3,165,0.508254046,2,0.508254046
471,NORMAN POLICE DEPARTMENT,115562,25900376,43250,2,0.914634168,0.109756097,0.875,0.647058824,5,164,0.216334089,2,-0.141612295
472,OKLAHOMA CITY POLICE DEPARTMENT,599199,185269375,42073,1,0.89632827,0.146868244,0.625,0.25,4,926,1.084781517,29,1.084781517
473,OKLAHOMA COUNTY SHERIFF'S DEPARTMENT,741781,46300000,34188,1,0.867768586,0.380165279,0.875,0.4,4,242,0.000001,0,0.000001
474,TULSA COUNTY SHERIFF'S DEPARTMENT,613816,46000000,34104,2,0.874074101,0.288888901,0.875,0.12,4,270,0.040728818,1,0.040728818
475,TULSA POLICE DEPARTMENT,393987,82747000,45507,3,0.860256433,0.238461539,0.625,-0.285714286,4,780,0.634538703,15,8.843142033
476,BEAVERTON POLICE DEPARTMENT,92680,27407366,50916,1,0.888059676,0.037313432,0.625,-0.310344828,5,134,0.539490721,3,0.539490721
477,DESCHUTES COUNTY SHERIFF'S DEPARTMENT,162277,36533516,54980,1,0.90780139,0.078014188,0.5,-0.428571429,5,141,0.154057568,1,0.154057568
478,FOREST GROVE POLICE DEPARTMENT,21961,4200000,42000,1,0.857142866,0.035714287,0.46875,-0.285714286,5,28,0.000001,0,0.000001
479,LINN COUNTY SHERIFF'S DEPARTMENT,118360,22366968,45420,1,0.852459013,0,0.25,-0.714285714,0,122,0.000001,1,-0.999995755
480,OREGON STATE POLICE,3900577,157400000,48576,1,0.918300629,0.073529415,0.125,1,3,612,0.076911698,13,9.950982893
481,PORTLAND POLICE DEPARTMENT,603106,165251729,60445,2,0.839285731,0.146008402,0.75,1,3,952,0.497424997,42,-0.234613579
482,SALEM POLICE DEPARTMENT,157429,34893930,52540,1,0.919354856,0.059139784,0.625,-0.166666667,5,186,0.952810473,8,4.446798239
483,WARRENTON POLICE DEPARTMENT,5109,1266543,42531,1,1,0,0.25,0.333333333,3,9,0.000001,0,0.000001
484,WASHINGTON COUNTY SHERIFF'S DEPARTMENT,547672,80543846,56396,1,0.874316931,0.106557377,0.78125,0.5625,4,366,0.13694328,12,-0.124483267
485,ALLEGHENY COUNTY SHERIFF'S DEPARTMENT,1229338,14462312,31000,1,0.870967746,0.129032254,0.25,-0.428571429,2,155,0.000001,0,0.000001
486,ALLENTOWN POLICE DEPARTMENT,118764,31867264,48000,1,0.957746506,0.103286386,0.625,0.538461538,4,213,0.210501499,2,-0.107827288
487,CHESTER POLICE DEPARTMENT,34005,15000000,46000,1,0.941747546,0.349514574,0.59375,0.266666667,4,103,1.470372004,3,1.470372004
488,PENNSYLVANIA STATE POLICE,12773500,957089000,58211,4,0.950611472,0.063029163,0.28125,0.125,5,4252,0.04501507,32,10.13263651
489,PHILADELPHIA POLICE DEPARTMENT,1547607,600102216,46783,2,0.772217929,0.432847261,0.875,0.4,3,6515,0.533081073,45,14.77215243
490,PITTSBURGH BUREAU OF POLICE,306211,71543006,29037,4,0.820945919,0.156531528,0.5,0.230769231,4,888,0.000001,0,0.000001
491,SCRANTON POLICE DEPARTMENT,75809,19476030,59494,1,0.916083932,0.013986014,0.3125,-0.411764706,4,143,0.000001,0,0.000001
492,CRANSTON POLICE DEPARTMENT,80529,22083509,40479,1,0.897260249,0.047945205,0.78125,4,2,146,0.000001,0,0.000001
493,PAWTUCKET POLICE DEPARTMENT,71170,20233933,55415,4,0.921985805,0.092198581,0.375,-0.25,2,141,0.351271603,4,0.351271603
494,PROVIDENCE POLICE DEPARTMENT,178432,43859389,59932,1,0.932084322,0.210772827,0.875,0.272727273,5,427,0.140109397,4,-0.505792122
495,WARWICK POLICE DEPARTMENT,81873,17111709,39033,2,0.896969676,0.060606062,0.84375,0.5,2,165,0.000001,0,0.000001
496,AIKEN COUNTY SHERIFF'S DEPARTMENT,162812,11287507,33304,1,0.889705896,0.095588237,0.625,1.5,4,136,0.460654006,4,0.460654006
497,CHARLESTON COUNTY SHERIFF'S DEPARTMENT,365162,22439374,35000,0,0.905882359,0.180392161,0.53125,0.888888889,4,255,0.136925529,2,0.136925529
498,CHARLESTON POLICE DEPARTMENT,125583,42655754,34766,1,0.821686745,0.216867477,1,1,4,415,0.398143061,2,0.398143061
499,COLUMBIA POLICE DEPARTMENT,131686,30810156,34028,1,0.845744669,0.337765962,0.75,1.666666667,2,376,0.189845542,3,0.189845542
500,GREENVILLE COUNTY SHERIFF'S DEPARTMENT,467605,36120373,32027,1,0.917274952,0.109489053,0.53125,-0.291666667,3,411,0.481175351,10,0.481175351
501,GREENVILLE POLICE DEPARTMENT,60709,19220965,30387,1,0.877005339,0.181818187,0.25,-0.619047619,5,187,0.823601114,3,0.823601114
502,GREER POLICE DEPARTMENT,26645,5038171,29119,1,0.833333313,0.09259259,0.875,0.166666667,5,54,0.000001,0,0.000001
503,HAMPTON COUNTY SHERIFF'S DEPARTMENT,20726,1986512,26000,1,0.888888896,0.611111104,0.75,5,3,36,0.000001,0,0.000001
504,MOUNT PLEASANT POLICE DEPARTMENT,71875,11036313,36670,2,0.868217051,0.116279073,0.75,-0.25,5,129,0.000001,0,0.000001
505,MYRTLE BEACH POLICE DEPARTMENT,28292,19717894,31786,1,0.872448981,0.05102041,0.59375,-0.208333333,3,196,0.000001,1,0.000001
506,NORTH CHARLESTON POLICE DEPARTMENT,101989,53554850,36400,1,0.836538434,0.192307696,0.78125,2.125,3,312,0.490248948,8,-0.200139231
507,SUMTER COUNTY SHERIFF'S DEPARTMENT,108052,8731542,27000,1,0.839285731,0.366071433,0.78125,0.086956522,3,112,0.000001,0,0.000001
508,SUMTER POLICE DEPARTMENT,40836,8064000,27200,1,0.811881185,0.356435657,0.625,0.538461538,3,101,0.000001,0,0.000001
509,YORK COUNTY SHERIFF'S DEPARTMENT,234635,23777055,32295,1,0.877094984,0.145251393,0.375,0.5,2,179,0.213096938,2,0.213096938
510,RAPID CITY POLICE DEPARTMENT,69854,12100000,38000,2,0.92592591,0.064814813,0.78125,-0.21875,3,108,0.715778624,6,-0.419016806
511,SOUTH DAKOTA HIGHWAY PATROL,830012,22200000,40227,1,0.987577617,0.037267081,0.25,0,5,161,0.000001,1,0.000001
512,BARTLETT POLICE DEPARTMENT,55945,12888000,35935,1,0.945454538,0.063636363,0.34375,-0.45,2,110,0.893734918,3,0.893734918
513,BLOUNT COUNTY SHERIFF'S DEPARTMENT,124177,20000000,27000,1,0.897435904,0.07692308,0.625,0.666666667,3,156,0.201325527,1,0.201325527
514,BRADLEY COUNTY SHERIFF'S DEPARTMENT,101134,12656209,31886,1,0.906542063,0.186915889,0.375,-0.612903226,2,107,0.247196788,1,0.247196788
515,CLARKSVILLE POLICE DEPARTMENT,142519,22745672,33952,1,0.864468873,0.157509163,0.75,-0.111111111,4,273,0.000001,0,0.000001
516,FRANKLIN POLICE DEPARTMENT,66280,13840000,35000,1,0.876190484,0.13333334,0.875,0.333333333,4,105,0.000001,0,0.000001
517,JACKSON POLICE DEPARTMENT,67265,18390123,33610,1,0.894009233,0.276497692,0.65625,-0.34375,3,217,0.371664313,1,0.371664313
518,JOHNSON CITY POLICE DEPARTMENT,64528,12637907,31154,1,0.917808235,0.02739726,0.84375,0.08,4,146,0.000001,0,0.000001
519,KNOXVILLE POLICE DEPARTMENT,182200,49502190,32775,1,0.883950591,0.071604937,0.5,-0.428571429,5,405,0.54884742,8,0.54884742
520,MARYVILLE POLICE DEPARTMENT,27914,4747561,32216,1,0.918367326,0.06122449,0.625,1.5,3,49,0.000001,0,0.000001
521,MEMPHIS POLICE DEPARTMENT,655155,232923990,36218,2,0.838375449,0.522171557,0.875,1.153846154,3,2413,0.877654906,28,21.67783044
522,MURFREESBORO POLICE DEPARTMENT,114038,25119392,32339,1,0.899543405,0.159817353,0.71875,-0.041666667,2,219,0.000001,0,0.000001
523,SHELBY COUNTY SHERIFF'S DEPARTMENT,940764,123256194,38768,1,0.874779522,0.447971791,0.5,1,3,567,0.000001,0,0.000001
524,SULLIVAN COUNTY SHERIFF'S DEPARTMENT,156786,16622401,27729,1,0.797169805,0.018867925,0.53125,-0.055555556,2,212,0.318906025,2,0.318906025
525,ABILENE POLICE DEPARTMENT,118887,22986870,43494,1,0.937172771,0.109947644,0.65625,-0.222222222,4,191,0.841134859,5,0.841134859
526,ALLEN POLICE DEPARTMENT,89640,9000000,48631,1,0.940677941,0.161016956,0.875,2.111111111,4,118,0.000001,1,-0.999997504
527,AMARILLO POLICE DEPARTMENT,195250,36000000,43068,1,0.926253676,0.15339233,0.625,-0.2,3,339,0.256081946,16,-0.695071276
528,AUSTIN POLICE DEPARTMENT,842592,301024790,55563,4,0.894799769,0.30842796,0.90625,0.035714286,4,1673,0.474725609,33,1.12680554
529,BAYTOWN POLICE DEPARTMENT,73238,16685000,44400,1,0.90780139,0.297872335,0.8125,1.888888889,3,141,0.682705699,4,0.836505639
530,BEAUMONT POLICE DEPARTMENT,118228,32217000,50160,4,0.901185751,0.221343875,0.5,-0.2,4,253,0.422911662,2,0.422911662
531,BEXAR COUNTY SHERIFF'S DEPARTMENT,1785704,108000000,40800,1,0.84842521,0.667322814,0.625,3,4,508,0.070000403,6,0.070000403
532,CASS COUNTY SHERIFF'S DEPARTMENT,30166,1022532,32867,1,0.888888896,0.111111112,0.25,2,3,18,0.828747597,1,0.828747597
533,COLLIN COUNTY SHERIFF'S DEPARTMENT,834642,37900744,49739,1,0.878980875,0.114649683,0.125,-0.6,3,157,0.029952962,2,0.029952962
534,CORPUS CHRISTI POLICE DEPARTMENT,312195,64053864,46584,1,0.912195146,0.509756088,0.65625,0.05,2,410,0.320312625,12,-0.105661526
535,DALLAS COUNTY SHERIFF'S DEPARTMENT,2453843,142000000,44408,4,0.858823538,0.543529391,0.84375,1.076923077,4,425,0.010188101,2,0.010188101
536,DALLAS POLICE DEPARTMENT,1241162,417761422,42941,4,0.828062117,0.464347333,0.625,0,3,3478,0.845981427,91,1.271587969
537,DENISON POLICE DEPARTMENT,22665,4200000,42804,1,1,0.111111112,0.75,2,4,45,0.000001,0,0.000001
538,DENTON POLICE DEPARTMENT,121123,24154219,50891,1,0.916666687,0.230769232,0.71875,-0.206896552,5,156,0.206401757,3,-0.614297037
539,EL PASO COUNTY SHERIFF'S DEPARTMENT,827398,98952610,41686,1,0.930501938,0.845559835,0.71875,-0.08,4,259,0.000001,0,0.000001
540,EL PASO POLICE DEPARTMENT,672538,116626014,38184,2,0.882849097,0.810684144,0.71875,-0.178571429,4,1067,0.408898828,24,0.408898828
541,FORT WORTH POLICE DEPARTMENT,777992,248684618,52187,1,0.852094233,0.308246076,0.46875,-0.0625,3,1528,0.449876091,24,1.632323983
542,GRAND PRAIRIE POLICE DEPARTMENT,181824,36841675,51353,3,0.944954157,0.211009175,0.875,-0.096774194,5,218,0.2749912,4,-0.248333553
543,GREENVILLE POLICE DEPARTMENT,25834,6601494,43474,1,0.943396211,0.03773585,0.78125,0.5625,2,53,0.000001,0,0.000001
544,HARLINGEN POLICE DEPARTMENT,65679,13213186,30000,1,0.955223858,0.805970132,0.875,1.333333333,3,134,0.761278339,3,0.761278339
545,HARRIS COUNTY SHERIFF'S DEPARTMENT,4253700,391000000,40643,1,0.866502464,0.460591137,0.625,-0.047619048,4,2030,0.088158544,45,0.268102828
546,HOUSTON POLICE DEPARTMENT,2160821,620488531,44007,2,0.849858344,0.571293652,0.75,0,3,5295,0.636332209,154,0.420922752
547,IRVING POLICE DEPARTMENT,225427,49068608,52812,4,0.925595224,0.166666672,0.65625,0.615384615,5,336,0.443602585,4,0.443602585
548,LAREDO POLICE DEPARTMENT,244731,55485089,49400,1,0.90702945,0.979591846,0.125,-0.851851852,2,441,0.408611904,6,0.408611904
549,LEWISVILLE POLICE DEPARTMENT,99453,20065891,56356,1,0.914893627,0.177304968,0.53125,-0.19047619,3,141,0.502750043,2,0.502750043
550,LONGVIEW POLICE DEPARTMENT,81092,17016474,47782,1,0.858974338,0.141025648,0.875,0.12,4,156,1.8497509,6,1.8497509
551,LUBBOCK COUNTY SHERIFF'S DEPARTMENT,285760,28500000,33009,1,0.826315761,0.294736832,0.28125,1.25,4,190,0.000001,2,-0.999989982
552,LYNN COUNTY SHERIFF'S DEPARTMENT,5783,950000,29137,1,1,0.666666687,0,-1,0,6,4.323015736,1,4.323015736
553,MCALLEN POLICE DEPARTMENT,134719,29500000,33113,1,0.879245281,0.958490551,0.46875,0.666666667,1,265,0.000001,2,-0.99999534
554,MESQUITE POLICE DEPARTMENT,143195,30038458,53647,2,0.960698664,0.121621624,0.40625,0.444444444,5,229,0.523761305,4,1.708264953
555,MIDLAND POLICE DEPARTMENT,119385,23300000,45200,4,0.89142859,0.274285704,0.53125,-0.260869565,2,175,1.047032709,13,3.044603593
556,NORTH RICHLAND HILLS POLICE DEPARTMENT,65290,16321653,50188,1,0.934579432,0.056074765,0.625,5,2,107,0.38290703,1,0.38290703
557,PLANO POLICE DEPARTMENT,272068,55748821,58918,3,0.885294139,0.167647064,0.90625,0,4,340,0.000001,2,0.000001
558,PORT ARTHUR POLICE DEPARTMENT,54010,17971432,43304,1,0.916666687,0.308333337,0.125,-0.80952381,4,120,1.388631735,6,1.388631735
559,POTTER COUNTY SHERIFF'S DEPARTMENT,122335,15000000,37992,1,0.86138612,0.138613865,0.5,15,3,101,0.000001,1,0.000001
560,RICHARDSON POLICE DEPARTMENT,103297,21945426,51366,1,0.914473712,0.144736841,0.78125,0.25,3,152,0.242020581,1,0.242020581
561,ROUND ROCK POLICE DEPARTMENT,106573,25697686,48623,2,0.932885885,0.167785242,0.65625,-0.322580645,3,149,0.703742974,3,0.703742974
562,SAN ANGELO POLICE DEPARTMENT,95887,15212660,34854,1,0.912280679,0.269005835,0.71875,1.875,3,171,1.04289424,6,1.04289424
563,SAN ANTONIO POLICE DEPARTMENT,1382951,372622521,41484,1,0.903424084,0.576821744,0.5,-0.2,3,2278,0.524241278,48,11.73617973
564,TARRANT COUNTY SHERIFF'S DEPARTMENT,1880153,108304405,38084,1,0.887878776,0.193627447,0.5,0.142857143,2,330,0.01329679,1,0.01329679
565,TEMPLE POLICE DEPARTMENT,69148,14003620,40907,1,0.94615382,0.230769232,0.78125,0.041666667,4,130,0.361543356,2,0.361543356
566,TEXAS DEPARTMENT OF PUBLIC SAFETY,26027061,1146200000,39097,2,0.940143883,0.395107925,0.25,2,3,3475,0.006723771,12,4.948791644
567,TRAVIS COUNTY SHERIFF'S DEPARTMENT,1095584,150577437,52302,1,0.930722892,0.265060246,0.375,0,3,332,0.000001,3,-0.999965712
568,TYLER POLICE DEPARTMENT,99323,22993516,43820,4,0.909090936,0.10695187,0.78125,0.041666667,3,187,0.251704036,5,-0.703606751
569,UNIVERSAL CITY POLICE DEPARTMENT,19155,2400000,39998,1,0.931034505,0.37931034,0.53125,0.214285714,4,29,0.000001,0,0.000001
570,WACO POLICE DEPARTMENT,127018,30529770,45591,4,0.887096763,0.19758065,0.375,-0.428571429,3,248,2.165047474,13,9.122636162
571,WICHITA FALLS POLICE DEPARTMENT,104552,20887776,42454,1,0.90476191,0.148148149,0.65625,0.75,4,189,0.478230928,5,0.478230928
572,SALT LAKE CITY POLICE DEPARTMENT,189314,55383094,34278,1,0.911214948,0.121495329,0.875,-0.096774194,4,428,0.528222952,9,0.266988531
573,SALT LAKE COUNTY SHERIFF'S DEPARTMENT,1063842,66363483,37644,1,0.901442289,0.115384616,0.71875,0.095238095,4,416,0.000001,3,-0.999987677
574,SANDY CITY POLICE DEPARTMENT,89344,13045083,35876,1,0.825688064,0.064220183,0.875,-0.125,3,109,0.000001,0,0.000001
575,WEST VALLEY CITY POLICE DEPARTMENT,132434,20785418,38367,1,0.918478251,0.125,0.625,0.25,4,184,0.377546551,2,0.377546551
576,ALEXANDRIA POLICE DEPARTMENT,146294,53400000,43617,1,0.842443705,0.315112531,0.6875,0.222222222,4,311,0.170888758,2,0.170888758
577,BLACKSBURG POLICE DEPARTMENT,42627,7400000,33822,1,0.90322578,0.048387095,0.78125,1.083333333,2,62,0.000001,0,0.000001
578,BRISTOL POLICE DEPARTMENT,17662,5000000,37686,1,0.865384638,0.03846154,0.96875,0,3,52,0.000001,0,0.000001
579,CHARLOTTESVILLE POLICE DEPARTMENT,43956,12701846,28641,1,0.924369752,0.084033616,0.75,-0.076923077,3,119,0.000001,0,0.000001
580,CHESAPEAKE POLICE DEPARTMENT,228417,44558825,41701,1,0.826923072,0.203296706,0.71875,-0.041666667,4,364,0.109448946,1,0.109448946
581,DANVILLE POLICE DEPARTMENT,42996,8600000,32479,1,0.813953459,0.147286817,0.875,0.647058824,3,129,0.000001,0,0.000001
582,FAIRFAX COUNTY POLICE DEPARTMENT,1054685,171297668,49000,1,0.867647052,0.161764711,0.78125,0,3,1360,0.04740752,7,0.04740752
583,HAMPTON POLICE DIVISION,136836,21983379,40478,1,0.836298943,0.341637015,0.78125,1.083333333,3,281,0.182700459,1,0.182700459
584,HANOVER COUNTY SHERIFF'S DEPARTMENT,100668,21445161,40492,1,0.933014333,0.062200956,1,0.142857143,3,209,0.000001,0,0.000001
585,HENRY COUNTY SHERIFF'S DEPARTMENT,52969,9560818,30674,1,0.912280679,0.087719299,0.6875,0.692307692,2,114,0.000001,0,0.000001
586,LOUDOUN COUNTY SHERIFF'S DEPARTMENT,336898,73020921,45391,1,0.866412222,0.148854956,0.65625,-0.16,3,524,0.074206436,1,0.074206436
587,LYNCHBURG POLICE DEPARTMENT,77113,15041691,36754,1,0.909638584,0.102409638,0.90625,0,4,166,0.000001,0,0.000001
588,NELSON COUNTY SHERIFF'S DEPARTMENT,14827,1375979,30233,1,0.875,0.125,0.8125,0.368421053,2,16,0.000001,0,0.000001
589,NEWPORT NEWS POLICE DEPARTMENT,180726,40445435,39325,1,0.856435657,0.237623766,0.65625,-0.25,4,404,0.138330954,3,0.138330954
590,NORFOLK POLICE DEPARTMENT,245782,65619393,40178,1,0.900265932,0.256648928,0.75,-0.111111111,3,752,0.508580775,11,0.508580775
591,PORTSMOUTH POLICE DEPARTMENT,96470,36791598,38260,1,0.790476203,0.257142872,1,0.032258065,4,210,0.518295843,3,0.518295843
592,PRINCE WILLIAM COUNTY POLICE DEPARTMENT,421747,80330712,45885,1,0.859894931,0.204903677,0.78125,-0.137931034,4,571,0.059277244,1,0.059277244
593,ROANOKE COUNTY POLICE DEPARTMENT,84278,10800000,30915,1,0.85135138,0.054054055,0.875,0.647058824,5,148,0.000001,0,0.000001
594,STAFFORD COUNTY SHERIFF'S DEPARTMENT,134352,21800000,41746,1,0.883435607,0.122699387,0.78125,0.923076923,5,163,0.000001,0,0.000001
595,SUFFOLK POLICE DEPARTMENT,85181,21578952,36722,1,0.788888872,0.26111111,0.78125,-0.137931034,2,180,0.29349268,1,0.29349268
596,VIRGINIA BEACH POLICE DEPARTMENT,447021,92000136,40239,1,0.867532492,0.157142863,0.90625,0,3,770,0.167777353,3,0.167777353
597,BELLEVUE POLICE DEPARTMENT,126439,37676000,58824,2,0.865168512,0.151685387,0.6875,-0.12,3,178,0.197723804,3,0.197723804
598,BELLINGHAM POLICE DEPARTMENT,82234,22370464,58308,2,0.853210986,0.100917429,0.625,-0.259259259,5,109,0.000001,1,0.000001
599,CLARK COUNTY SHERIFF'S DEPARTMENT,438287,48600000,48122,1,0.924812019,0.060150377,0.96875,0.107142857,4,133,0.000001,0,0.000001
600,EVERETT POLICE DEPARTMENT,104655,30442687,66540,1,0.886597931,0.113402061,0.25,-0.5,3,194,0.000001,3,-0.999998067
601,FEDERAL WAY POLICE DEPARTMENT,91933,26065884,55344,1,0.909090936,0.190082639,0.75,0.2,4,121,0.543874343,5,0.543874343
602,KENT POLICE DEPARTMENT,122999,31729475,56160,1,0.885496199,0.129770994,0.9375,0.2,5,131,0.203253685,5,-0.668424134
603,KING COUNTY SHERIFF'S DEPARTMENT,2007440,144000000,60275,1,0.858024716,0.216049388,0.875,0.75,4,648,0.024907345,8,0.754882836
604,KITSAP COUNTY SHERIFF'S DEPARTMENT,254991,28000000,54038,1,0.895652175,0.547826111,0.5,1,4,115,0.000001,1,-0.999990371
605,PIERCE COUNTY SHERIFF'S DEPARTMENT,811681,114022390,50960,1,0.845117867,0.198653191,0.25,-0.5,5,297,0.12320111,11,2.651468988
606,SEATTLE POLICE DEPARTMENT,634535,263085780,59136,1,0.861478627,0.246692613,0.84375,0.35,4,1285,0.590983949,29,0.921883179
607,SNOHOMISH COUNTY SHERIFF'S DEPARTMENT,733036,48700000,50553,1,0.923357666,0.038732395,0.4375,-0.263157895,5,274,0.136418948,9,0.136418948
608,SPOKANE COUNTY SHERIFF'S DEPARTMENT,475735,70115000,48405,1,0.977272749,0.028455285,0.90625,0.8125,3,220,0.157650793,6,0.157650793
609,TACOMA POLICE DEPARTMENT,202010,71379260,55910,1,0.852272749,0.147727266,0.53125,0,2,352,0.247512499,9,0.247512499
610,THURSTON COUNTY SHERIFF'S DEPARTMENT,258332,16895417,58788,1,0.951219499,0.060975611,0.375,-0.5,3,82,0.096774693,2,0.096774693
611,VANCOUVER POLICE DEPARTMENT,165489,32065340,58512,1,0.855555534,0.166666672,0.84375,-0.035714286,5,180,0.151067443,4,-0.083600723
612,WASHINGTON STATE PATROL,6897536,258500701,46704,1,0.917910457,0.122201495,0.75,-0.25,3,1072,0.007248965,6,-0.111067343
613,BROWN COUNTY SHERIFF'S DEPARTMENT,253032,31893284,41766,4,0.921052635,0.019736841,0.125,-0.833333333,4,152,0.000001,0,0.000001
614,DANE COUNTY SHERIFF'S DEPARTMENT,503523,68141407,44031,2,0.69933182,0.037861917,0.875,0,3,449,0.049650165,2,0.049650165
615,FOND DU LAC POLICE DEPARTMENT,43045,9488002,42552,2,0.867647052,0.029411765,0.75,0.142857143,4,68,0.000001,0,0.000001
616,JANESVILLE POLICE DEPARTMENT,63588,12983474,38400,4,0.920000017,0.029999999,1,0.142857143,4,100,0.000001,0,0.000001
617,KENOSHA POLICE DEPARTMENT,100150,26920812,51084,1,0.904040396,0.101010099,0.625,0,2,198,0.249625562,3,-0.536340489
618,MENOMONEE FALLS POLICE DEPARTMENT,35802,8132875,56928,2,0.894736826,0.03508772,0.40625,-0.380952381,4,57,0.000001,0,0.000001
619,MILWAUKEE POLICE DEPARTMENT,598916,237538363,37340,1,0.740191817,0.370967746,1,1.666666667,3,2294,0.375678726,18,0.764009978
620,RACINE COUNTY SHERIFF'S DEPARTMENT,194797,23875798,41363,1,0.885245919,0.065573767,0.59375,1.111111111,3,122,0.128338732,1,0.128338732
621,ROCK COUNTY SHERIFF'S DEPARTMENT,160418,9205867,44096,1,0.920792103,0.01980198,0.4375,2.5,4,101,0.000001,0,0.000001
622,SAUK COUNTY SHERIFF'S DEPARTMENT,62597,13146456,45017,2,0.907407403,0,0.4375,0.166666667,4,54,0.000001,0,0.000001
623,WAUKESHA COUNTY SHERIFF'S DEPARTMENT,392292,38184541,43700,2,0.84523809,0.047619049,0.53125,-0.19047619,4,168,0.000001,1,-0.999985037
624,WEST ALLIS POLICE DEPARTMENT,60732,18096286,45644,3,0.849206328,0.039682541,0.75,0.2,2,126,0.000001,0,0.000001
625,WISCONSIN STATE PATROL,5730784,96910700,19951,4,0.896017671,0.092920355,0.25,0,4,452,0.000001,0,0.000001
626,CHARLESTON POLICE DEPARTMENT,51018,14658352,33953,1,0.956790149,0.09259259,0.40625,-0.380952381,4,162,0.000001,1,0.000001
627,WEST VIRGINIA STATE POLICE,1858382,68501441,41258,1,0.967016518,0.029985007,0,-1,1,667,0.147978187,13,4.357858072
628,WYOMING HIGHWAY PATROL,572787,72246862,42672,1,0.954999983,0.005,0.125,-0.5,2,200,0.043646242,6,-0.708302272
